barcode,height_cm_2021,tree_type,health,diameter_base_mm_2021,cell_plot,basalt,soil_innoculation,group_block,treatment,height_cm_2022,dbh_mm_2022,diameter_base_mm_2022,height_cm_2023,dbh_mm_2023,diameter_base_mm_2023,dead_10_22,health_10_23
10001,29,Birch,Healthy,0.9,1,No,No,C,control,184,7,30,288,15,33,NA,Alive
10002,20,Birch,Healthy,2.4,1,No,No,C,control,170,5,16,208,8,22,NA,Alive
10003,30.7,Birch,Healthy,2.6,1,No,No,C,control,171,3,17,260,12,30,NA,Alive
10004,32,Birch,Healthy,3.2,1,No,No,C,control,185,8,26,291,18,37,NA,Alive
10005,25,Birch,Healthy,3,1,No,No,C,control,155,4,19,227,8,35,NA,Alive
10007,94,Birch,Vigorous,7.4,1,No,No,C,control,196,8,25,280,23,39,NA,Alive
10008,20,Birch,Healthy,2.2,1,No,No,C,control,158,4,16,254,12,27,NA,Alive
10010,45.2,Birch,Healthy,3.1,1,No,No,C,control,180,8,21,221,13,31,NA,Alive
10012,58,Alder,Vigorous,3.7,1,No,No,C,control,199,9,26,236,8,27,NA,Alive
10013,49,Aspen,Healthy,3.5,1,No,No,C,control,174,4,19,265,11,23,NA,Alive
10014,37,Birch,Healthy,3.9,1,No,No,C,control,188,8,22,286,15,36,NA,Alive
10015,8,Birch,Healthy,1.8,1,No,No,C,control,127,NA,10,165,4,16,NA,Alive
10017,27,Alder,Healthy,4.3,1,No,No,C,control,152,4,26,243,14,45,NA,Alive
10018,42.6,Alder,Healthy,5,1,No,No,C,control,111,NA,15,176,10,31,NA,Alive
10019,35,Alder,Vigorous,5,1,No,No,C,control,104,NA,16,152,13,33,NA,Alive
10020,33,Alder,Healthy,3.6,1,No,No,C,control,120,NA,17,219,13,34,NA,Alive
10021,24.1,Alder,Healthy,4.2,1,No,No,C,control,105,NA,12,184,9,21,NA,Alive
10022,40.5,Alder,Healthy,5.3,1,No,No,C,control,119,NA,17,185,8,30,NA,Alive
10023,36,Alder,Healthy,4.8,1,No,No,C,control,134,4,24,224,19,43,NA,Alive
10024,49.8,Aspen,Vigorous,6.9,1,No,No,C,control,154,7,32,252,20,56,NA,Alive
10025,58,Aspen,Vigorous,6,1,No,No,C,control,167,12,24,265,20,52,NA,Alive
10027,52,Cherry,Vigorous,4,1,No,No,C,control,75,NA,8,79,NA,12,NA,Alive
10028,54,Cherry,Vigorous,4.4,1,No,No,C,control,74,NA,6,75,NA,9,NA,Alive
10029,37.5,Cherry,Healthy,3.6,1,No,No,C,control,69,NA,6,78,NA,8,NA,Alive
10032,28.5,Oak,Healthy,3.7,1,No,No,C,control,68,NA,7,115,NA,12,NA,Alive
10034,27.5,Oak,Healthy,3.4,1,No,No,C,control,80,NA,7,105,NA,15,NA,Alive
10035,41,Cherry,Healthy,4.9,1,No,No,C,control,68,NA,7,77,NA,10,NA,Alive
10036,59,Cherry,Vigorous,6.3,1,No,No,C,control,116,NA,11,132,4,20,NA,Alive
10037,57.5,Cherry,Vigorous,5.8,1,No,No,C,control,88,NA,10,109,NA,16,NA,Alive
10038,64.5,Aspen,Vigorous,7,1,No,No,C,control,98,NA,11,131,4,20,NA,Alive
10041,34.5,Cherry,Healthy,4.4,1,No,No,C,control,76,NA,9,98,NA,13,NA,Alive
10042,26.5,Cherry,Healthy,2.9,1,No,No,C,control,47,NA,5,63,NA,6,NA,Alive
10043,44,Oak,Vigorous,4.7,1,No,No,C,control,101,NA,11,172,6,21,NA,Alive
10044,62.2,Cherry,Vigorous,7,1,No,No,C,control,88,NA,12,115,NA,18,NA,Alive
10045,59.5,Cherry,Vigorous,5.3,1,No,No,C,control,93,NA,9,108,NA,13,NA,Alive
10046,47,Cherry,Healthy,6,1,No,No,C,control,76,NA,11,100,NA,16,NA,Alive
10047,43,Cherry,Healthy,4.5,1,No,No,C,control,86,NA,10,95,NA,13,NA,Alive
10048,57.5,Cherry,Vigorous,4.7,1,No,No,C,control,102,NA,7,139,2,12,NA,Alive
10049,43,Birch,Healthy,3,1,No,No,C,control,92,NA,7,116,NA,8,NA,Alive
10050,51.5,Birch,Healthy,2.8,1,No,No,C,control,130,2,8,138,1,11,NA,Alive
10052,39,Oak,Healthy,7.7,1,No,No,C,control,104,NA,12,107,NA,18,NA,Alive
10053,40,Oak,Healthy,8.4,1,No,No,C,control,121,NA,16,149,5,34,NA,Alive
10054,40.5,Oak,Healthy,5.2,1,No,No,C,control,87,NA,9,119,NA,24,NA,Alive
10055,40,Oak,Healthy,8.6,1,No,No,C,control,89,NA,10,108,NA,21,NA,Alive
10056,35,Oak,Healthy,4.7,1,No,No,C,control,85,NA,10,117,NA,20,NA,Alive
10057,55.5,Birch,Healthy,4.9,1,No,No,C,control,110,NA,9,151,3,15,NA,Alive
10058,58.8,Cherry,Vigorous,4.7,1,No,No,C,control,76,NA,8,102,NA,11,NA,Alive
10059,45.3,Birch,Healthy,4,1,No,No,C,control,188,9,22,262,17,41,NA,Alive
10060,27,Oak,Healthy,5.8,1,No,No,C,control,107,NA,9,109,NA,13,NA,Alive
10062,42.3,Birch,Healthy,3.4,1,No,No,C,control,188,8,25,251,12,31,NA,Alive
10063,39.5,Oak,Healthy,5.6,1,No,No,C,control,76,NA,9,125,NA,17,NA,Alive
10064,40,Birch,Healthy,4,1,No,No,C,control,160,2,19,244,11,31,NA,Alive
10065,35,Oak,Healthy,3.8,1,No,No,C,control,96,NA,12,114,NA,14,NA,Alive
10066,36,Oak,Healthy,4.2,1,No,No,C,control,77,NA,7,77,NA,12,NA,Alive
10068,44.2,Birch,Healthy,3.6,1,No,No,C,control,164,4,16,189,7,27,NA,Alive
10069,38,Birch,Healthy,0.9,1,No,No,C,control,205,10,23,300,18,32,NA,Alive
10070,36.8,Oak,Healthy,4.7,1,No,No,C,control,79,NA,8,103,NA,12,NA,Alive
10071,47.5,Birch,Healthy,3.7,1,No,No,C,control,185,7,27,285,21,47,NA,Alive
10072,35.3,Oak,Healthy,4.9,1,No,No,C,control,105,NA,9,106,NA,13,NA,Alive
10073,47.2,Alder,Healthy,3.7,1,No,No,C,control,165,6,20,206,12,32,NA,Alive
10074,43.5,Birch,Healthy,2.1,1,No,No,C,control,134,2,18,200,9,28,NA,Alive
10075,62,Oak,Vigorous,5,1,No,No,C,control,93,NA,11,101,NA,17,NA,Alive
10076,46,Cherry,Vigorous,3.9,1,No,No,C,control,92,NA,10,101,NA,14,NA,Alive
10077,39.5,Oak,Healthy,5.9,1,No,No,C,control,95,NA,11,124,NA,19,NA,Alive
10078,53,Cherry,Vigorous,5.3,1,No,No,C,control,139,4,15,143,4,16,NA,Alive
10079,57.3,Cherry,Vigorous,5.5,1,No,No,C,control,95,NA,9,116,NA,12,NA,Alive
10081,46.2,Oak,Healthy,5,1,No,No,C,control,128,NA,11,189,8,28,NA,Alive
10082,22,Oak,Healthy,3.6,1,No,No,C,control,102,NA,6,116,NA,14,NA,Alive
10083,35.5,Oak,Healthy,4.6,1,No,No,C,control,99,NA,10,134,5,21,NA,Alive
10084,63.6,Cherry,Vigorous,4.8,1,No,No,C,control,140,6,16,159,7,25,NA,Alive
10086,36.8,Oak,Healthy,5.6,1,No,No,C,control,68,NA,8,130,5,17,NA,Alive
10087,43.8,Cherry,Healthy,3.3,1,No,No,C,control,131,2,11,155,5,18,NA,Alive
10088,51.6,Cherry,Vigorous,3.7,1,No,No,C,control,105,NA,9,133,3,14,NA,Alive
10090,49.2,Oak,Healthy,5.1,1,No,No,C,control,118,NA,11,134,5,25,NA,Alive
10091,18.8,Alder,Healthy,2.5,1,No,No,C,control,157,5,18,231,10,34,NA,Alive
10092,62,Alder,Vigorous,6.8,1,No,No,C,control,159,8,31,239,18,51,NA,Alive
10093,20.5,Alder,Healthy,2.9,1,No,No,C,control,67,NA,13,129,NA,20,NA,Alive
10094,55.8,Cherry,Vigorous,3.8,1,No,No,C,control,126,NA,14,135,4,20,NA,Alive
10095,50.6,Cherry,Vigorous,4,1,No,No,C,control,85,NA,7,91,NA,10,NA,Alive
10096,58.3,Alder,Vigorous,7.2,1,No,No,C,control,174,8,28,266,22,52,NA,Alive
10097,31.9,Aspen,Healthy,4.3,1,No,No,C,control,119,NA,15,184,11,36,NA,Alive
10098,60.5,Alder,Vigorous,5.4,1,No,No,C,control,163,7,23,247,17,46,NA,Alive
10099,41.2,Birch,Vigorous,3.6,1,No,No,C,control,242,12,26,384,22,50,NA,Alive
10100,52.7,Cherry,Vigorous,4.8,1,No,No,C,control,117,NA,11,130,2,13,NA,Alive
20001,82,Cherry,Healthy,7.7,2,Yes,Yes,C,basalt+microbiome,82,NA,7,89,NA,9,NA,Alive
20003,43,Cherry,Healthy,4.2,2,Yes,Yes,C,basalt+microbiome,69,NA,7,70,NA,7,NA,Alive
20004,35.5,Aspen,Healthy,5.1,2,Yes,Yes,C,basalt+microbiome,68,NA,8,93,NA,11,NA,Alive
20005,74,Cherry,Healthy,8,2,Yes,Yes,C,basalt+microbiome,100,NA,12,101,NA,12,NA,Alive
20006,63,Cherry,Healthy,7.3,2,Yes,Yes,C,basalt+microbiome,73,NA,8,96,NA,11,NA,Alive
20007,58,Cherry,Healthy,5.4,2,Yes,Yes,C,basalt+microbiome,56,NA,6,93,NA,8,NA,Alive
20008,68,Cherry,Healthy,6.1,2,Yes,Yes,C,basalt+microbiome,97,NA,12,122,NA,16,NA,Alive
20009,75,Cherry,Healthy,5.1,2,Yes,Yes,C,basalt+microbiome,137,4,16,159,8,23,NA,Alive
20011,77,Cherry,Healthy,7.4,2,Yes,Yes,C,basalt+microbiome,112,NA,13,135,3,16,NA,Alive
20012,3.5,Cherry,Healthy,6.7,2,Yes,Yes,C,basalt+microbiome,154,5,16,190,8,20,NA,Alive
20013,68.5,Cherry,Healthy,5.7,2,Yes,Yes,C,basalt+microbiome,158,6,13,175,8,19,NA,Alive
20014,84,Cherry,Vigorous,8.9,2,Yes,Yes,C,basalt+microbiome,140,7,20,167,9,30,NA,Alive
20015,75.5,Cherry,Healthy,7,2,Yes,Yes,C,basalt+microbiome,107,NA,12,127,NA,14,NA,Alive
20016,71,Cherry,Healthy,5.6,2,Yes,Yes,C,basalt+microbiome,96,NA,12,113,NA,13,NA,Alive
20018,46,Cherry,Healthy,5.1,2,Yes,Yes,C,basalt+microbiome,92,NA,14,112,NA,10,NA,Alive
20019,41,Oak,Healthy,4,2,Yes,Yes,C,basalt+microbiome,86,NA,9,95,NA,14,NA,Alive
20021,41,Oak,Healthy,6,2,Yes,Yes,C,basalt+microbiome,94,NA,9,129,NA,13,NA,Alive
20022,64.5,Oak,Healthy,7,2,Yes,Yes,C,basalt+microbiome,106,NA,13,129,NA,24,NA,Alive
20023,45.5,Oak,Healthy,3.9,2,Yes,Yes,C,basalt+microbiome,100,NA,7,93,NA,6,NA,Alive
20025,32,Oak,Healthy,3.7,2,Yes,Yes,C,basalt+microbiome,102,NA,7,129,NA,12,NA,Alive
20026,34,Oak,Healthy,3.9,2,Yes,Yes,C,basalt+microbiome,90,NA,7,92,NA,11,NA,Alive
20027,32.5,Oak,Healthy,6,2,Yes,Yes,C,basalt+microbiome,89,NA,8,101,NA,11,NA,Alive
20028,42,Oak,Healthy,4.2,2,Yes,Yes,C,basalt+microbiome,95,NA,7,122,NA,12,NA,Alive
20029,37,Oak,Healthy,4.2,2,Yes,Yes,C,basalt+microbiome,76,NA,5,92,NA,12,NA,Alive
20031,71,Birch,Healthy,4,2,Yes,Yes,C,basalt+microbiome,136,1,12,256,9,27,NA,Alive
20032,68,Birch,Healthy,4.3,2,Yes,Yes,C,basalt+microbiome,209,7,18,303,15,33,NA,Alive
20033,43,Birch,Healthy,3.6,2,Yes,Yes,C,basalt+microbiome,139,1,9,220,9,23,NA,Alive
20034,83.5,Birch,Vigorous,6.4,2,Yes,Yes,C,basalt+microbiome,197,6,21,328,22,49,NA,Alive
20035,62,Birch,Healthy,4.2,2,Yes,Yes,C,basalt+microbiome,111,NA,10,156,4,17,NA,Alive
20036,83.5,Birch,Healthy,5.6,2,Yes,Yes,C,basalt+microbiome,188,5,28,295,17,45,NA,Alive
20037,101,Birch,Vigorous,6.3,2,Yes,Yes,C,basalt+microbiome,199,10,22,310,22,39,NA,Alive
20038,33.5,Birch,Healthy,4.2,2,Yes,Yes,C,basalt+microbiome,96,NA,11,210,8,17,NA,Alive
20039,84,Birch,Healthy,5.8,2,Yes,Yes,C,basalt+microbiome,215,7,18,296,14,32,NA,Alive
20040,67,Birch,Healthy,4.4,2,Yes,Yes,C,basalt+microbiome,119,NA,11,152,3,18,NA,Alive
20041,80,Birch,Healthy,5.6,2,Yes,Yes,C,basalt+microbiome,179,6,22,260,14,36,NA,Alive
20042,88,Birch,Vigorous,6.1,2,Yes,Yes,C,basalt+microbiome,207,8,27,342,23,48,NA,Alive
20043,74,Birch,Healthy,4.4,2,Yes,Yes,C,basalt+microbiome,180,5,21,294,16,37,NA,Alive
20044,82,Birch,Healthy,5.5,2,Yes,Yes,C,basalt+microbiome,180,5,17,261,14,37,NA,Alive
20045,71.5,Birch,Healthy,4.9,2,Yes,Yes,C,basalt+microbiome,148,3,13,234,9,22,NA,Alive
20046,71,Birch,Healthy,3.7,2,Yes,Yes,C,basalt+microbiome,152,3,12,249,10,20,NA,Alive
20047,94,Birch,Vigorous,6.1,2,Yes,Yes,C,basalt+microbiome,205,11,30,323,21,30,NA,Alive
20048,76.5,Birch,Healthy,5.4,2,Yes,Yes,C,basalt+microbiome,197,8,21,259,14,30,NA,Alive
20050,51,Birch,Healthy,3.6,2,Yes,Yes,C,basalt+microbiome,160,3,14,277,16,27,NA,Alive
20051,63,Birch,Healthy,3.3,2,Yes,Yes,C,basalt+microbiome,146,4,18,223,12,33,NA,Alive
20052,78,Birch,Healthy,4.4,2,Yes,Yes,C,basalt+microbiome,193,4,19,298,18,34,NA,Alive
20053,70,Birch,Healthy,3.9,2,Yes,Yes,C,basalt+microbiome,145,2,8,214,17,23,NA,Alive
20054,87,Birch,Vigorous,5.4,2,Yes,Yes,C,basalt+microbiome,189,9,24,279,20,44,NA,Alive
20055,53,Birch,Healthy,4.6,2,Yes,Yes,C,basalt+microbiome,185,6,14,252,10,30,NA,Alive
20056,65.5,Alder,Healthy,6.8,2,Yes,Yes,C,basalt+microbiome,123,NA,16,208,15,42,NA,Alive
20057,70.5,Alder,Healthy,8,2,Yes,Yes,C,basalt+microbiome,138,4,23,234,17,50,NA,Alive
20058,44,Alder,Healthy,6.2,2,Yes,Yes,C,basalt+microbiome,119,NA,17,201,14,38,NA,Alive
20059,72.5,Alder,Healthy,7,2,Yes,Yes,C,basalt+microbiome,147,5,20,258,22,48,NA,Alive
20060,88.5,Alder,Vigorous,9.3,2,Yes,Yes,C,basalt+microbiome,170,8,27,276,25,50,NA,Alive
20061,82.5,Alder,Healthy,8.6,2,Yes,Yes,C,basalt+microbiome,167,11,31,271,23,50,NA,Alive
20062,86.5,Alder,Healthy,10,2,Yes,Yes,C,basalt+microbiome,172,10,27,295,27,54,NA,Alive
20063,101,Rowan,Healthy,8.8,2,Yes,Yes,C,basalt+microbiome,184,8,27,236,11,22,NA,Alive
20064,84,Rowan,Healthy,9.2,2,Yes,Yes,C,basalt+microbiome,178,7,18,232,11,26,NA,Alive
20065,104.5,Rowan,Healthy,11.8,2,Yes,Yes,C,basalt+microbiome,179,8,21,235,12,25,NA,Alive
20066,95,Rowan,Healthy,7.7,2,Yes,Yes,C,basalt+microbiome,154,7,14,213,7,20,NA,Alive
20067,115,Rowan,Healthy,9.5,2,Yes,Yes,C,basalt+microbiome,213,10,24,257,15,32,NA,Alive
20068,110,Rowan,Healthy,7.5,2,Yes,Yes,C,basalt+microbiome,196,8,18,257,10,22,NA,Alive
20069,103.5,Rowan,Healthy,9.8,2,Yes,Yes,C,basalt+microbiome,230,12,21,268,15,25,NA,Alive
20070,95.5,Rowan,Healthy,8.4,2,Yes,Yes,C,basalt+microbiome,146,6,18,201,9,24,NA,Alive
20072,108.5,Rowan,Healthy,10.8,2,Yes,Yes,C,basalt+microbiome,191,9,19,237,12,21,NA,Alive
20073,113.5,Rowan,Healthy,9.8,2,Yes,Yes,C,basalt+microbiome,164,8,17,234,11,21,NA,Alive
20074,32.5,Oak,Healthy,4.9,2,Yes,Yes,C,basalt+microbiome,95,NA,9,116,NA,15,NA,Alive
20075,64,Oak,Healthy,5,2,Yes,Yes,C,basalt+microbiome,95,NA,11,118,NA,16,NA,Alive
20076,40,Oak,Healthy,9.5,2,Yes,Yes,C,basalt+microbiome,93,NA,12,124,NA,20,NA,Alive
20077,60,Oak,Healthy,5.8,2,Yes,Yes,C,basalt+microbiome,94,NA,7,123,NA,14,NA,Alive
20078,36,Oak,Healthy,3.5,2,Yes,Yes,C,basalt+microbiome,66,NA,7,104,NA,11,NA,Alive
20079,58.5,Oak,Healthy,4.2,2,Yes,Yes,C,basalt+microbiome,100,NA,11,132,5,21,NA,Alive
20080,55,Oak,Healthy,4.9,2,Yes,Yes,C,basalt+microbiome,98,NA,9,123,NA,15,NA,Alive
20084,65,Cherry,Healthy,7.2,2,Yes,Yes,C,basalt+microbiome,147,5,17,177,11,23,NA,Alive
20085,71,Cherry,Healthy,6.9,2,Yes,Yes,C,basalt+microbiome,120,NA,13,143,2,11,NA,Alive
20086,58.5,Cherry,Healthy,5.4,2,Yes,Yes,C,basalt+microbiome,131,4,11,160,7,28,NA,Alive
20087,62.5,Cherry,Healthy,5.9,2,Yes,Yes,C,basalt+microbiome,94,NA,11,128,NA,14,NA,Alive
20088,65.5,Cherry,Healthy,5.9,2,Yes,Yes,C,basalt+microbiome,106,NA,8,135,3,12,NA,Alive
20089,66.5,Cherry,Healthy,6.2,2,Yes,Yes,C,basalt+microbiome,83,NA,8,118,NA,11,NA,Alive
20090,72,Cherry,Healthy,8.1,2,Yes,Yes,C,basalt+microbiome,89,NA,11,112,NA,15,NA,Alive
20091,49.5,Birch,Healthy,4,2,Yes,Yes,C,basalt+microbiome,151,3,14,233,12,27,NA,Alive
20092,30.5,Birch,Healthy,4.1,2,Yes,Yes,C,basalt+microbiome,101,NA,8,179,7,12,NA,Alive
20093,60,Birch,Healthy,3.9,2,Yes,Yes,C,basalt+microbiome,135,3,11,200,11,18,NA,Alive
20094,56,Birch,Healthy,3.8,2,Yes,Yes,C,basalt+microbiome,142,3,17,223,8,21,NA,Alive
20095,76.5,Birch,Healthy,4.9,2,Yes,Yes,C,basalt+microbiome,186,7,20,288,14,31,NA,Alive
20096,39.5,Birch,Healthy,3.9,2,Yes,Yes,C,basalt+microbiome,161,3,11,214,7,16,NA,Alive
20098,82,Birch,Healthy,5.6,2,Yes,Yes,C,basalt+microbiome,178,6,14,261,15,39,NA,Alive
20100,33,Birch,Healthy,3,2,Yes,Yes,C,basalt+microbiome,129,NA,11,236,11,28,NA,Alive
30001,82.5,Cherry,Healthy,6.3,3,No,No,A,control,200,9,30,245,17,43,NA,Alive
30002,89.5,Oak,Healthy,9.1,3,No,No,A,control,175,6,17,182,9,26,NA,Alive
30003,93.5,Cherry,Healthy,7.1,3,No,No,A,control,144,4,27,162,5,34,NA,Alive
30006,107.5,Aspen,Healthy,7.1,3,No,No,A,control,218,7,14,332,15,25,NA,Alive
30009,110.5,Aspen,Healthy,7.2,3,No,No,A,control,142,3,12,179,8,21,NA,Alive
30010,79,Oak,Healthy,14.3,3,No,No,A,control,196,7,25,184,12,32,NA,Alive
30012,94,Birch,Healthy,7.1,3,No,No,A,control,189,6,21,305,16,33,NA,Alive
30014,83.5,Rowan,Healthy,7,3,No,No,A,control,195,9,14,217,13,38,NA,Alive
30015,74.5,Birch,Healthy,6.6,3,No,No,A,control,178,7,20,224,10,27,NA,Alive
30016,64,Alder,Healthy,6.7,3,No,No,A,control,136,3,22,212,15,58,NA,Alive
30017,93.5,Aspen,Healthy,7.2,3,No,No,A,control,183,6,13,217,11,26,NA,Alive
30018,53.5,Alder,Healthy,6.1,3,No,No,A,control,132,3,20,228,18,51,NA,Alive
30019,97,Aspen,Healthy,7.3,3,No,No,A,control,197,6,18,274,12,32,NA,Alive
30020,101,Alder,Healthy,11.7,3,No,No,A,control,191,11,34,318,28,72,NA,Alive
30023,68,Oak,Healthy,14.7,3,No,No,A,control,72,NA,19,127,NA,24,NA,Alive
30024,82,Cherry,Healthy,9.8,3,No,No,A,control,139,5,25,175,11,41,NA,Alive
30025,95,Cherry,Healthy,9.9,3,No,No,A,control,128,NA,12,167,7,24,NA,Alive
30026,108,Birch,Healthy,7.6,3,No,No,A,control,218,10,29,289,14,44,NA,Alive
30028,58,Alder,Healthy,3.4,3,No,No,A,control,152,3,18,266,19,44,NA,Alive
30031,159,Rowan,Vigorous,11.6,3,No,No,A,control,213,13,23,271,20,35,NA,Alive
30032,104,Alder,Healthy,5.1,3,No,No,A,control,145,3,20,229,16,46,NA,Alive
30035,94,Oak,Healthy,8.7,3,No,No,A,control,171,3,12,137,4,20,NA,Alive
30036,99,Cherry,Healthy,10.1,3,No,No,A,control,156,3,23,204,9,37,NA,Alive
30037,106.5,Cherry,Healthy,10,3,No,No,A,control,228,9,25,269,19,44,NA,Alive
30038,90,Oak,Healthy,4.6,3,No,No,A,control,147,1,11,122,NA,20,NA,Alive
30039,114,Birch,Healthy,8.4,3,No,No,A,control,226,8,24,309,17,40,NA,Alive
30043,55.5,Oak,Healthy,4.8,3,No,No,A,control,95,NA,12,123,NA,25,NA,Alive
30044,73.5,Alder,Healthy,7.6,3,No,No,A,control,153,5,23,302,24,58,NA,Alive
30045,145.5,Rowan,Vigorous,11.5,3,No,No,A,control,206,11,22,222,18,33,NA,Alive
30046,79,Oak,Healthy,6,3,No,No,A,control,179,6,15,184,9,24,NA,Alive
30047,71,Alder,Healthy,7.5,3,No,No,A,control,141,4,21,260,17,46,NA,Alive
30048,78,Alder,Healthy,8.6,3,No,No,A,control,140,5,25,255,20,60,NA,Alive
30050,88.5,Cherry,Healthy,9.9,3,No,No,A,control,190,9,23,210,15,45,NA,Alive
30051,71,Oak,Healthy,7.5,3,No,No,A,control,139,3,9,112,NA,21,NA,Alive
30052,106,Birch,Healthy,9,3,No,No,A,control,195,8,26,285,18,49,NA,Alive
30053,112,Birch,Healthy,10.5,3,No,No,A,control,200,7,31,338,24,56,NA,Alive
30054,69,Cherry,Healthy,6.6,3,No,No,A,control,180,7,21,223,11,29,NA,Alive
30055,90,Alder,Healthy,11,3,No,No,A,control,146,6,23,241,16,46,NA,Alive
30056,63,Alder,Healthy,6.6,3,No,No,A,control,54,5,29,260,19,52,NA,Alive
30057,104.5,Cherry,Healthy,12.6,3,No,No,A,control,170,6,27,230,12,37,NA,Alive
30058,110,Birch,Healthy,9.7,3,No,No,A,control,219,11,22,310,18,41,NA,Alive
30059,90,Cherry,Healthy,9.2,3,No,No,A,control,185,8,23,212,12,31,NA,Alive
30060,67,Birch,Healthy,5,3,No,No,A,control,178,5,15,234,8,22,NA,Alive
30061,85,Cherry,Healthy,9.4,3,No,No,A,control,159,6,19,178,11,31,NA,Alive
30062,94.5,Birch,Healthy,8.8,3,No,No,A,control,190,6,28,220,9,33,NA,Alive
30063,107,Birch,Healthy,7.7,3,No,No,A,control,218,8,17,332,14,28,NA,Alive
30064,70.5,Cherry,Healthy,7.3,3,No,No,A,control,142,5,20,158,6,28,NA,Alive
30067,62,Oak,Healthy,7.3,3,No,No,A,control,77,NA,16,104,NA,26,NA,Alive
30070,69,Cherry,Healthy,6,3,No,No,A,control,172,7,27,222,15,49,NA,Alive
30071,51,Alder,Healthy,4,3,No,No,A,control,132,5,17,272,17,40,NA,Alive
30077,102,Alder,Vigorous,10.2,3,No,No,A,control,193,9,36,315,28,76,NA,Alive
30078,102,Birch,Healthy,6.9,3,No,No,A,control,179,5,22,203,5,26,NA,Alive
30079,110,Birch,Healthy,11,3,No,No,A,control,192,7,28,262,14,32,NA,Alive
30080,102.5,Birch,Healthy,9.2,3,No,No,A,control,207,7,28,270,12,40,NA,Alive
30081,136.5,Rowan,Healthy,10.2,3,No,No,A,control,260,12,21,304,18,33,NA,Alive
30082,77.5,Birch,Healthy,11.1,3,No,No,A,control,166,7,17,187,6,22,NA,Alive
30083,66,Oak,Healthy,8.2,3,No,No,A,control,151,4,14,161,6,24,NA,Alive
30084,92.5,Birch,Healthy,7.1,3,No,No,A,control,177,6,19,247,9,26,NA,Alive
30085,91.5,Birch,Healthy,6.1,3,No,No,A,control,72,6,18,254,12,36,NA,Alive
30086,96.5,Birch,Healthy,6.5,3,No,No,A,control,245,11,29,378,23,48,NA,Alive
30087,147,Rowan,Vigorous,12.1,3,No,No,A,control,250,16,28,311,23,37,NA,Alive
30088,95.5,Birch,Healthy,6.6,3,No,No,A,control,214,9,23,340,23,53,NA,Alive
30089,44.5,Birch,Healthy,4.9,3,No,No,A,control,152,2,16,205,5,32,NA,Alive
30090,99,Birch,Healthy,8,3,No,No,A,control,206,6,17,289,18,35,NA,Alive
30091,113.5,Birch,Healthy,7.5,3,No,No,A,control,213,10,29,317,20,48,NA,Alive
30092,55,Oak,Healthy,11.9,3,No,No,A,control,55,NA,14,80,NA,20,NA,Alive
30093,107,Birch,Healthy,9,3,No,No,A,control,208,9,31,266,17,43,NA,Alive
30094,135.5,Birch,Healthy,11.7,3,No,No,A,control,254,10,24,263,16,33,NA,Alive
30095,70,Oak,Healthy,6.9,3,No,No,A,control,160,5,15,161,8,29,NA,Alive
30096,106,Birch,Healthy,6.9,3,No,No,A,control,209,11,32,278,20,45,NA,Alive
30097,42,Birch,Healthy,5,3,No,No,A,control,138,3,17,163,5,21,NA,Alive
30098,68,Birch,Healthy,5,3,No,No,A,control,133,2,17,140,2,19,NA,Alive
30099,116,Birch,Healthy,9.9,3,No,No,A,control,227,8,28,260,12,36,NA,Alive
30100,77,Oak,Vigorous,9.8,3,No,No,A,control,130,2,17,143,4,27,NA,Alive
40002,66,Oak,Healthy,6.2,4,Yes,Yes,A,basalt+microbiome,110,NA,10,120,NA,15,NA,Alive
40003,67,Oak,Healthy,10,4,Yes,Yes,A,basalt+microbiome,65,NA,12,63,NA,15,NA,Alive
40004,70,Oak,Healthy,12.5,4,Yes,Yes,A,basalt+microbiome,146,3,16,111,NA,24,NA,Alive
40005,76,Oak,Healthy,13,4,Yes,Yes,A,basalt+microbiome,165,5,22,148,5,29,NA,Alive
40006,120,Birch,Healthy,9.8,4,Yes,Yes,A,basalt+microbiome,230,8,21,303,12,32,NA,Alive
40007,73.5,Birch,Healthy,4.9,4,Yes,Yes,A,basalt+microbiome,167,5,14,229,8,32,NA,Alive
40008,94,Birch,Healthy,7.1,4,Yes,Yes,A,basalt+microbiome,195,8,17,208,9,26,NA,Alive
40009,168.5,Rowan,Vigorous,14,4,Yes,Yes,A,basalt+microbiome,230,14,27,274,19,42,NA,Alive
40010,87.5,Alder,Healthy,9.8,4,Yes,Yes,A,basalt+microbiome,146,5,16,241,19,45,NA,Alive
40011,48,Aspen,Healthy,5.1,4,Yes,Yes,A,basalt+microbiome,133,4,9,127,NA,17,NA,Alive
40012,70,Rowan,Healthy,11.4,4,Yes,Yes,A,basalt+microbiome,210,11,22,255,15,41,NA,Alive
40013,174.5,Rowan,Vigorous,12.4,4,Yes,Yes,A,basalt+microbiome,252,14,25,297,18,36,NA,Alive
40014,143,Rowan,Vigorous,13.5,4,Yes,Yes,A,basalt+microbiome,234,11,22,283,16,35,NA,Alive
40015,71,Alder,Healthy,6.3,4,Yes,Yes,A,basalt+microbiome,154,5,27,272,20,51,NA,Alive
40016,77,Alder,Healthy,10.5,4,Yes,Yes,A,basalt+microbiome,149,4,21,246,17,34,NA,Alive
40019,86,Aspen,Healthy,5.2,4,Yes,Yes,A,basalt+microbiome,196,7,28,234,10,35,NA,Alive
40021,95,Aspen,Healthy,6.3,4,Yes,Yes,A,basalt+microbiome,208,10,29,261,14,38,NA,Alive
40023,47,Birch,Healthy,1.4,4,Yes,Yes,A,basalt+microbiome,131,2,12,136,2,11,NA,Alive
40025,95,Aspen,Healthy,6,4,Yes,Yes,A,basalt+microbiome,195,8,27,253,11,44,NA,Alive
40027,97,Birch,Healthy,7.9,4,Yes,Yes,A,basalt+microbiome,210,9,17,303,22,38,NA,Alive
40028,90,Birch,Healthy,6.1,4,Yes,Yes,A,basalt+microbiome,162,4,18,218,9,28,NA,Alive
40030,71,Birch,Healthy,6.5,4,Yes,Yes,A,basalt+microbiome,128,NA,14,142,2,23,NA,Alive
40031,92.5,Birch,Healthy,7.9,4,Yes,Yes,A,basalt+microbiome,188,8,23,242,10,34,NA,Alive
40032,72.5,Oak,Healthy,16.1,4,Yes,Yes,A,basalt+microbiome,88,NA,13,95,NA,22,NA,Alive
40033,59,Oak,Healthy,8,4,Yes,Yes,A,basalt+microbiome,95,NA,11,98,NA,20,NA,Alive
40034,103.5,Rowan,Healthy,10.5,4,Yes,Yes,A,basalt+microbiome,194,8,22,251,13,30,NA,Alive
40036,76,Cherry,Healthy,9,4,Yes,Yes,A,basalt+microbiome,140,3,19,151,6,28,NA,Alive
40037,94,Oak,Healthy,6.5,4,Yes,Yes,A,basalt+microbiome,125,NA,10,128,NA,26,NA,Alive
40038,37,Oak,Healthy,5.5,4,Yes,Yes,A,basalt+microbiome,100,NA,7,114,NA,16,NA,Alive
40039,37,Oak,Healthy,5.5,4,Yes,Yes,A,basalt+microbiome,113,NA,9,118,NA,13,NA,Alive
40040,65,Oak,Healthy,4.9,4,Yes,Yes,A,basalt+microbiome,93,NA,10,105,NA,15,NA,Alive
40042,171.5,Rowan,Vigorous,14.6,4,Yes,Yes,A,basalt+microbiome,255,18,25,311,21,34,NA,Alive
40043,74,Cherry,Healthy,8.5,4,Yes,Yes,A,basalt+microbiome,98,NA,12,100,NA,12,NA,Alive
40044,87,Birch,Healthy,7.9,4,Yes,Yes,A,basalt+microbiome,160,4,12,254,11,27,NA,Alive
40045,59.5,Oak,Healthy,10.5,4,Yes,Yes,A,basalt+microbiome,114,NA,14,106,NA,23,NA,Alive
40047,82,Birch,Healthy,9.2,4,Yes,Yes,A,basalt+microbiome,161,5,26,202,8,30,NA,Alive
40048,66.5,Birch,Healthy,5.4,4,Yes,Yes,A,basalt+microbiome,161,5,18,183,6,24,NA,Alive
40049,101,Birch,Healthy,7.9,4,Yes,Yes,A,basalt+microbiome,195,8,25,233,10,38,NA,Alive
40050,83,Birch,Healthy,6.1,4,Yes,Yes,A,basalt+microbiome,172,5,19,183,6,29,NA,Alive
40051,94.5,Birch,Healthy,9.4,4,Yes,Yes,A,basalt+microbiome,117,NA,18,131,2,24,NA,Alive
40052,75,Cherry,Healthy,7.8,4,Yes,Yes,A,basalt+microbiome,137,4,20,138,4,30,NA,Alive
40053,77,Alder,Healthy,8.5,4,Yes,Yes,A,basalt+microbiome,150,5,25,227,15,66,NA,Alive
40054,108,Rowan,Healthy,10.4,4,Yes,Yes,A,basalt+microbiome,192,9,34,242,13,28,NA,Alive
40055,70,Cherry,Healthy,8.9,4,Yes,Yes,A,basalt+microbiome,134,5,32,124,NA,23,NA,Alive
40057,51.5,Birch,Healthy,5.1,4,Yes,Yes,A,basalt+microbiome,155,4,14,178,5,20,NA,Alive
40058,97,Birch,Healthy,7.3,4,Yes,Yes,A,basalt+microbiome,205,10,24,262,13,39,NA,Alive
40059,105,Birch,Healthy,8.8,4,Yes,Yes,A,basalt+microbiome,190,7,17,247,13,34,NA,Alive
40061,91.5,Alder,Healthy,10.9,4,Yes,Yes,A,basalt+microbiome,145,4,22,145,4,34,NA,Alive
40062,50.5,Alder,Healthy,5.3,4,Yes,Yes,A,basalt+microbiome,113,NA,15,196,9,33,NA,Alive
40063,104,Alder,Healthy,14.8,4,Yes,Yes,A,basalt+microbiome,158,13,34,269,27,57,NA,Alive
40064,71,Alder,Healthy,8.6,4,Yes,Yes,A,basalt+microbiome,164,6,26,258,23,52,NA,Alive
40065,42,Alder,Healthy,2.6,4,Yes,Yes,A,basalt+microbiome,116,NA,16,218,12,41,NA,Alive
40067,88.5,Alder,Healthy,7.1,4,Yes,Yes,A,basalt+microbiome,162,6,27,283,22,51,NA,Alive
40068,28,Cherry,Healthy,0.9,4,Yes,Yes,A,basalt+microbiome,53,NA,6,73,NA,7,NA,Alive
40069,42,Alder,Healthy,4.4,4,Yes,Yes,A,basalt+microbiome,110,NA,19,194,11,43,NA,Alive
40070,155.5,Rowan,Vigorous,10.6,4,Yes,Yes,A,basalt+microbiome,235,13,24,277,16,45,NA,Alive
40071,115,Aspen,Healthy,6.9,4,Yes,Yes,A,basalt+microbiome,227,8,31,346,19,46,NA,Alive
40072,73.5,Cherry,Healthy,6,4,Yes,Yes,A,basalt+microbiome,185,8,21,215,12,37,NA,Alive
40074,72,Alder,Healthy,5.3,4,Yes,Yes,A,basalt+microbiome,159,6,26,243,17,44,NA,Alive
40076,92,Cherry,Healthy,8.5,4,Yes,Yes,A,basalt+microbiome,161,7,24,186,11,38,NA,Alive
40077,79,Oak,Healthy,5,4,Yes,Yes,A,basalt+microbiome,138,NA,16,136,4,22,NA,Alive
40078,78,Birch,Healthy,8.2,4,Yes,Yes,A,basalt+microbiome,208,6,25,226,8,37,NA,Alive
40079,96,Cherry,Healthy,11.1,4,Yes,Yes,A,basalt+microbiome,188,8,23,212,12,42,NA,Alive
40080,86,Cherry,Healthy,8.8,4,Yes,Yes,A,basalt+microbiome,105,NA,12,131,2,19,NA,Alive
40081,77,Cherry,Healthy,8.8,4,Yes,Yes,A,basalt+microbiome,120,NA,17,137,4,25,NA,Alive
40082,117.5,Birch,Healthy,9.9,4,Yes,Yes,A,basalt+microbiome,161,6,29,248,12,34,NA,Alive
40083,111.5,Birch,Healthy,9.2,4,Yes,Yes,A,basalt+microbiome,160,5,24,180,9,40,NA,Alive
40084,78.5,Cherry,Healthy,8,4,Yes,Yes,A,basalt+microbiome,161,7,22,167,8,30,NA,Alive
40085,49,Birch,Healthy,2.4,4,Yes,Yes,A,basalt+microbiome,151,4,19,186,6,24,NA,Alive
40086,73.5,Cherry,Healthy,8.3,4,Yes,Yes,A,basalt+microbiome,146,6,22,168,8,34,NA,Alive
40087,106,Birch,Healthy,8.5,4,Yes,Yes,A,basalt+microbiome,260,11,30,277,16,42,NA,Alive
40088,64.5,Cherry,Healthy,7.2,4,Yes,Yes,A,basalt+microbiome,141,4,17,163,7,24,NA,Alive
40089,70,Cherry,Healthy,7,4,Yes,Yes,A,basalt+microbiome,129,NA,15,154,5,22,NA,Alive
40092,101.5,Aspen,Healthy,7.4,4,Yes,Yes,A,basalt+microbiome,190,7,19,247,11,39,NA,Alive
40093,86.5,Alder,Healthy,10.6,4,Yes,Yes,A,basalt+microbiome,155,6,24,245,20,54,NA,Alive
40094,49,Oak,Healthy,15,4,Yes,Yes,A,basalt+microbiome,117,NA,17,106,NA,27,NA,Alive
40095,48.5,Oak,Healthy,5.6,4,Yes,Yes,A,basalt+microbiome,104,NA,12,116,NA,23,NA,Alive
40096,82,Oak,Healthy,10.8,4,Yes,Yes,A,basalt+microbiome,94,NA,14,114,NA,23,NA,Alive
40100,103,Birch,Healthy,6.8,4,Yes,Yes,A,basalt+microbiome,194,8,18,215,10,32,NA,Alive
70001,56,Birch,Healthy,4.4,7,Yes,No,A,basalt,173,4,15,266,9,35,NA,Alive
70002,105.5,Birch,Healthy,8.3,7,Yes,No,A,basalt,184,7,24,268,16,36,NA,Alive
70003,104.5,Birch,Healthy,7.7,7,Yes,No,A,basalt,209,9,21,249,13,33,NA,Alive
70004,120.5,Birch,Vigorous,8.8,7,Yes,No,A,basalt,233,13,27,318,22,43,NA,Alive
70005,65,Oak,Healthy,11.4,7,Yes,No,A,basalt,107,NA,15,122,NA,22,NA,Alive
70006,115,Birch,Healthy,9.9,7,Yes,No,A,basalt,207,7,26,311,23,46,NA,Alive
70007,147,Birch,Vigorous,10.5,7,Yes,No,A,basalt,248,11,27,316,18,36,NA,Alive
70008,90,Birch,Healthy,8,7,Yes,No,A,basalt,169,6,19,232,14,34,NA,Alive
70009,109,Birch,Healthy,7.2,7,Yes,No,A,basalt,214,10,24,327,16,38,NA,Alive
70010,79,Oak,Healthy,6.8,7,Yes,No,A,basalt,113,NA,10,113,NA,18,NA,Alive
70011,87,Birch,Healthy,7,7,Yes,No,A,basalt,191,7,20,200,8,30,NA,Alive
70012,98,Birch,Healthy,7,7,Yes,No,A,basalt,178,6,24,284,17,47,NA,Alive
70013,137.5,Rowan,Vigorous,12.5,7,Yes,No,A,basalt,213,11,23,266,15,30,NA,Alive
70014,75,Birch,Healthy,5.3,7,Yes,No,A,basalt,165,4,15,217,7,23,NA,Alive
70015,105,Birch,Healthy,5,7,Yes,No,A,basalt,218,9,21,335,21,38,NA,Alive
70016,36.5,Oak,Healthy,5.1,7,Yes,No,A,basalt,68,NA,8,94,NA,12,NA,Alive
70017,116.5,Birch,Healthy,8,7,Yes,No,A,basalt,213,7,22,303,14,33,NA,Alive
70018,83.5,Birch,Healthy,6,7,Yes,No,A,basalt,183,6,20,238,11,31,NA,Alive
70019,96.5,Birch,Healthy,8.2,7,Yes,No,A,basalt,187,7,22,252,10,28,NA,Alive
70021,104,Birch,Healthy,5.2,7,Yes,No,A,basalt,192,7,26,162,13,33,NA,Alive
70022,83.5,Birch,Healthy,4.6,7,Yes,No,A,basalt,161,4,21,252,11,25,NA,Alive
70023,16,Birch,Healthy,0.8,7,Yes,No,A,basalt,110,NA,9,172,3,14,NA,Alive
70024,82,Birch,Healthy,3.4,7,Yes,No,A,basalt,189,6,17,225,9,22,NA,Alive
70025,89.5,Birch,Healthy,3.5,7,Yes,No,A,basalt,187,7,20,255,13,27,NA,Alive
70026,81,Birch,Healthy,4,7,Yes,No,A,basalt,200,7,18,236,10,24,NA,Alive
70027,98,Birch,Healthy,5.6,7,Yes,No,A,basalt,255,10,31,353,22,43,NA,Alive
70028,77,Oak,Healthy,14.4,7,Yes,No,A,basalt,85,NA,22,93,NA,25,NA,Alive
70030,70,Birch,Healthy,3.1,7,Yes,No,A,basalt,185,6,22,281,14,32,NA,Alive
70031,113,Birch,Healthy,6.2,7,Yes,No,A,basalt,192,9,32,300,18,41,NA,Alive
70032,65,Oak,Healthy,8.1,7,Yes,No,A,basalt,75,NA,23,122,NA,20,NA,Alive
70033,97.5,Birch,Healthy,5.6,7,Yes,No,A,basalt,214,11,33,283,14,35,NA,Alive
70034,107,Birch,Healthy,6.3,7,Yes,No,A,basalt,237,13,29,347,23,44,NA,Alive
70036,89,Birch,Healthy,4.4,7,Yes,No,A,basalt,182,5,22,199,7,30,NA,Alive
70038,47.5,Oak,Healthy,4.7,7,Yes,No,A,basalt,99,NA,10,95,NA,16,NA,Alive
70039,94.5,Birch,Healthy,8.1,7,Yes,No,A,basalt,201,7,23,293,18,40,NA,Alive
70040,76,Alder,Healthy,9,7,Yes,No,A,basalt,138,3,21,228,15,42,NA,Alive
70042,65.5,Alder,Healthy,6.1,7,Yes,No,A,basalt,150,3,20,269,21,50,NA,Alive
70043,150,Rowan,Healthy,12.2,7,Yes,No,A,basalt,219,9,21,280,13,31,NA,Alive
70044,95,Aspen,Healthy,6.6,7,Yes,No,A,basalt,140,1,12,167,8,21,NA,Alive
70045,108.5,Birch,Healthy,10.5,7,Yes,No,A,basalt,220,11,32,303,23,50,NA,Alive
70046,86,Birch,Healthy,6.5,7,Yes,No,A,basalt,211,7,22,251,10,28,NA,Alive
70047,120,Rowan,Healthy,10.8,7,Yes,No,A,basalt,235,9,24,293,14,30,NA,Alive
70048,113,Birch,Healthy,10.1,7,Yes,No,A,basalt,56,9,24,308,17,34,NA,Alive
70049,124.5,Birch,Healthy,8.5,7,Yes,No,A,basalt,222,8,25,319,19,40,NA,Alive
70050,94.5,Birch,Healthy,6.5,7,Yes,No,A,basalt,206,6,18,310,15,32,NA,Alive
70051,85.5,Birch,Healthy,6.4,7,Yes,No,A,basalt,195,6,21,263,8,33,NA,Alive
70053,98.5,Birch,Healthy,8.7,7,Yes,No,A,basalt,210,7,25,305,13,37,NA,Alive
70055,107,Rowan,Healthy,10.9,7,Yes,No,A,basalt,218,11,21,265,15,28,NA,Alive
70056,77.5,Birch,Healthy,5.2,7,Yes,No,A,basalt,178,3,17,236,8,29,NA,Alive
70058,96,Birch,Healthy,6.9,7,Yes,No,A,basalt,171,5,18,223,8,24,NA,Alive
70059,104.5,Birch,Healthy,8.5,7,Yes,No,A,basalt,184,5,17,204,6,27,NA,Alive
70062,85.5,Aspen,Healthy,6.1,7,Yes,No,A,basalt,169,5,18,204,10,24,NA,Alive
70063,103,Alder,Healthy,5,7,Yes,No,A,basalt,175,7,15,250,11,24,NA,Alive
70064,101,Alder,Healthy,10.3,7,Yes,No,A,basalt,166,7,29,298,29,54,NA,Alive
70065,74.5,Alder,Healthy,10.9,7,Yes,No,A,basalt,146,5,28,245,22,61,NA,Alive
70066,66,Aspen,Healthy,6.5,7,Yes,No,A,basalt,116,NA,16,158,6,27,NA,Alive
70068,73.5,Oak,Healthy,6,7,Yes,No,A,basalt,144,4,13,154,10,24,NA,Alive
70069,70.5,Oak,Healthy,9.9,7,Yes,No,A,basalt,88,NA,13,123,NA,20,NA,Alive
70070,96,Alder,Healthy,9.1,7,Yes,No,A,basalt,187,11,32,302,30,60,NA,Alive
70071,75.5,Alder,Healthy,9.8,7,Yes,No,A,basalt,145,4,23,261,21,51,NA,Alive
70072,68.5,Oak,Healthy,5.9,7,Yes,No,A,basalt,99,NA,19,128,NA,31,NA,Alive
70074,73,Alder,Healthy,9.3,7,Yes,No,A,basalt,141,5,31,260,24,63,NA,Alive
70075,42,Oak,Healthy,6,7,Yes,No,A,basalt,102,NA,12,134,3,18,NA,Alive
70076,58,Alder,Healthy,6.2,7,Yes,No,A,basalt,135,4,22,233,17,51,NA,Alive
70077,61.5,Alder,Healthy,7.3,7,Yes,No,A,basalt,144,4,23,230,19,46,NA,Alive
70078,94.5,Oak,Healthy,10.3,7,Yes,No,A,basalt,127,NA,19,153,10,31,NA,Alive
70079,128.5,Birch,Healthy,10.1,7,Yes,No,A,basalt,223,10,30,282,16,40,NA,Alive
70080,90,Aspen,Healthy,4.9,7,Yes,No,A,basalt,158,5,10,211,10,18,NA,Alive
70081,140,Birch,Vigorous,9,7,Yes,No,A,basalt,224,11,37,292,27,47,NA,Alive
70082,52,Aspen,Healthy,2.5,7,Yes,No,A,basalt,124,NA,8,137,2,15,NA,Alive
70083,74,Alder,Healthy,7,7,Yes,No,A,basalt,140,4,125,251,21,50,NA,Alive
70085,80,Alder,Healthy,6.5,7,Yes,No,A,basalt,187,9,32,317,31,66,NA,Alive
70086,87,Alder,Healthy,8.5,7,Yes,No,A,basalt,177,9,31,279,26,59,NA,Alive
70088,52.5,Birch,Healthy,2,7,Yes,No,A,basalt,175,5,17,197,8,26,NA,Alive
70090,102.5,Alder,Healthy,10,7,Yes,No,A,basalt,185,9,35,291,26,68,NA,Alive
70091,79,Alder,Healthy,11.1,7,Yes,No,A,basalt,153,6,35,243,21,48,NA,Alive
70092,85,Alder,Healthy,8.8,7,Yes,No,A,basalt,179,9,29,294,26,64,NA,Alive
70094,98.5,Birch,Healthy,7.9,7,Yes,No,A,basalt,205,8,19,287,13,32,NA,Alive
70095,48.5,Alder,Healthy,8.3,7,Yes,No,A,basalt,114,NA,17,188,12,39,NA,Alive
70096,77,Alder,Healthy,9.1,7,Yes,No,A,basalt,175,7,27,290,23,52,NA,Alive
70098,63.5,Oak,Healthy,9.1,7,Yes,No,A,basalt,67,NA,16,77,NA,31,NA,Alive
70099,131,Rowan,Healthy,9.5,7,Yes,No,A,basalt,207,10,21,272,14,28,NA,Alive
70100,71,Alder,Healthy,7.4,7,Yes,No,A,basalt,144,4,23,252,21,57,NA,Alive
70101,60.5,Alder,Healthy,6.9,7,Yes,No,A,basalt,134,4,24,219,15,49,NA,Alive
110001,187,Rowan,Vigorous,14.1,11,No,Yes,A,microbiome,263,18,31,319,25,40,NA,Alive
110002,108,Birch,Healthy,8.3,11,No,Yes,A,microbiome,230,11,26,345,21,42,NA,Alive
110003,109,Birch,Healthy,8.6,11,No,Yes,A,microbiome,219,9,25,338,24,48,NA,Alive
110004,100.5,Birch,Healthy,7.7,11,No,Yes,A,microbiome,195,8,27,297,17,49,NA,Alive
110005,52.5,Oak,Healthy,6.5,11,No,Yes,A,microbiome,150,4,13,157,6,15,NA,Alive
110007,86,Oak,Vigorous,6.1,11,No,Yes,A,microbiome,154,4,13,164,6,21,NA,Alive
110008,95,Alder,Healthy,14,11,No,Yes,A,microbiome,170,9,39,256,20,53,NA,Alive
110009,119,Birch,Healthy,10.4,11,No,Yes,A,microbiome,204,6,27,271,16,42,NA,Alive
110010,68,Alder,Healthy,8,11,No,Yes,A,microbiome,145,4,26,244,20,65,NA,Alive
110011,88,Birch,Healthy,6.2,11,No,Yes,A,microbiome,194,4,17,338,17,39,NA,Alive
110012,100,Alder,Healthy,12,11,No,Yes,A,microbiome,183,8,27,274,23,53,NA,Alive
110013,64,Alder,Healthy,6.2,11,No,Yes,A,microbiome,75,NA,9,117,NA,20,NA,Alive
110014,105,Alder,Healthy,12.6,11,No,Yes,A,microbiome,169,6,28,277,24,54,NA,Alive
110016,99,Alder,Healthy,11.3,11,No,Yes,A,microbiome,190,6,28,206,15,54,NA,Alive
110017,47.5,Oak,Healthy,7.9,11,No,Yes,A,microbiome,117,NA,14,129,NA,14,NA,Alive
110018,95,Birch,Healthy,7.1,11,No,Yes,A,microbiome,180,7,24,260,13,39,NA,Alive
110019,60.5,Aspen,Healthy,4.8,11,No,Yes,A,microbiome,115,NA,9,165,5,16,NA,Alive
110020,93,Birch,Healthy,9.3,11,No,Yes,A,microbiome,191,10,28,282,20,48,NA,Alive
110021,109.5,Birch,Healthy,10,11,No,Yes,A,microbiome,217,10,26,346,20,44,NA,Alive
110023,62,Oak,Healthy,8.9,11,No,Yes,A,microbiome,118,NA,13,123,NA,20,NA,Alive
110024,86.5,Aspen,Healthy,6.2,11,No,Yes,A,microbiome,175,8,14,216,9,27,NA,Alive
110025,89,Birch,Healthy,7.1,11,No,Yes,A,microbiome,136,2,18,196,8,25,NA,Alive
110026,89.5,Birch,Healthy,5.5,11,No,Yes,A,microbiome,178,5,21,205,10,30,NA,Alive
110027,70,Birch,Healthy,4.8,11,No,Yes,A,microbiome,182,5,25,294,14,39,NA,Alive
110028,101,Birch,Healthy,4.6,11,No,Yes,A,microbiome,137,2,9,148,2,15,NA,Alive
110029,99,Birch,Healthy,6.9,11,No,Yes,A,microbiome,195,9,27,294,20,40,NA,Alive
110030,111.5,Birch,Healthy,7.5,11,No,Yes,A,microbiome,232,13,26,324,23,43,NA,Alive
110031,59.5,Oak,Healthy,8,11,No,Yes,A,microbiome,119,NA,14,116,NA,21,NA,Alive
110032,42,Oak,Healthy,5.2,11,No,Yes,A,microbiome,90,NA,9,95,NA,13,NA,Alive
110033,58,Cherry,Healthy,6.4,11,No,Yes,A,microbiome,147,5,18,159,7,23,NA,Alive
110034,108.5,Cherry,Healthy,13.6,11,No,Yes,A,microbiome,228,11,34,281,18,48,NA,Alive
110036,110,Cherry,Healthy,15.8,11,No,Yes,A,microbiome,219,10,32,261,10,37,NA,Alive
110037,84,Birch,Healthy,7,11,No,Yes,A,microbiome,159,4,20,246,11,30,NA,Alive
110038,67,Oak,Healthy,11.5,11,No,Yes,A,microbiome,111,NA,20,125,NA,27,NA,Alive
110039,108,Cherry,Healthy,15.8,11,No,Yes,A,microbiome,149,3,20,172,6,24,NA,Alive
110040,91,Birch,Healthy,8,11,No,Yes,A,microbiome,166,5,19,223,10,27,NA,Alive
110041,113.5,Birch,Healthy,7.8,11,No,Yes,A,microbiome,210,8,25,294,15,31,NA,Alive
110042,83,Cherry,Healthy,9.6,11,No,Yes,A,microbiome,139,4,28,172,10,33,NA,Alive
110043,81,Cherry,Healthy,10.1,11,No,Yes,A,microbiome,93,NA,14,114,NA,13,NA,Alive
110044,43,Oak,Healthy,7.5,11,No,Yes,A,microbiome,103,NA,9,105,NA,11,NA,Alive
110045,83.5,Cherry,Healthy,11,11,No,Yes,A,microbiome,132,3,20,168,5,33,NA,Alive
110046,122,Birch,Healthy,12.5,11,No,Yes,A,microbiome,206,8,32,268,6,42,NA,Alive
110048,115.5,Birch,Healthy,10.6,11,No,Yes,A,microbiome,218,10,30,340,20,44,NA,Alive
110049,135,Birch,Vigorous,12.7,11,No,Yes,A,microbiome,237,12,25,387,28,52,NA,Alive
110050,112.5,Birch,Healthy,9.7,11,No,Yes,A,microbiome,198,11,30,322,16,49,NA,Alive
110051,96,Cherry,Healthy,12.2,11,No,Yes,A,microbiome,144,3,19,179,8,28,NA,Alive
110052,93.5,Cherry,Healthy,10.3,11,No,Yes,A,microbiome,147,3,14,174,6,23,NA,Alive
110053,82,Cherry,Healthy,8.9,11,No,Yes,A,microbiome,147,3,15,170,6,21,NA,Alive
110054,81.5,Cherry,Healthy,9.9,11,No,Yes,A,microbiome,108,NA,11,126,NA,16,NA,Alive
110055,89,Cherry,Healthy,9.8,11,No,Yes,A,microbiome,199,7,19,232,15,30,NA,Alive
110056,90,Alder,Healthy,12.5,11,No,Yes,A,microbiome,168,8,30,267,22,55,NA,Alive
110057,77.5,Cherry,Healthy,8.6,11,No,Yes,A,microbiome,137,1,15,149,5,20,NA,Alive
110059,76,Oak,Healthy,12.8,11,No,Yes,A,microbiome,99,NA,15,111,NA,21,NA,Alive
110060,52,Oak,Healthy,5.9,11,No,Yes,A,microbiome,114,NA,7,118,NA,10,NA,Alive
110061,140,Birch,Healthy,10.8,11,No,Yes,A,microbiome,226,10,25,238,13,35,NA,Alive
110062,99,Alder,Healthy,11.3,11,No,Yes,A,microbiome,188,8,27,254,28,61,NA,Alive
110063,85,Alder,Healthy,9.1,11,No,Yes,A,microbiome,182,7,88,281,26,60,NA,Alive
110064,99,Alder,Healthy,10.7,11,No,Yes,A,microbiome,201,10,29,304,26,55,NA,Alive
110065,93.5,Alder,Healthy,12,11,No,Yes,A,microbiome,173,8,30,250,18,44,NA,Alive
110066,79,Alder,Healthy,9.8,11,No,Yes,A,microbiome,172,7,30,282,21,45,NA,Alive
110067,100,Birch,Healthy,8.9,11,No,Yes,A,microbiome,210,9,26,324,22,49,NA,Alive
110068,111.5,Cherry,Vigorous,14,11,No,Yes,A,microbiome,164,7,19,198,8,23,NA,Alive
110069,88,Birch,Healthy,7.8,11,No,Yes,A,microbiome,174,6,17,219,9,26,NA,Alive
110070,110.5,Birch,Healthy,9.1,11,No,Yes,A,microbiome,195,7,21,236,12,32,NA,Alive
110071,60,Oak,Healthy,8.1,11,No,Yes,A,microbiome,85,NA,9,108,NA,12,NA,Alive
110072,61,Cherry,Healthy,7.5,11,No,Yes,A,microbiome,88,NA,19,114,NA,18,NA,Alive
110073,105,Birch,Healthy,6.7,11,No,Yes,A,microbiome,199,8,22,296,14,32,NA,Alive
110074,71,Alder,Healthy,6.3,11,No,Yes,A,microbiome,127,NA,25,197,10,42,NA,Alive
110075,111,Birch,Healthy,8.4,11,No,Yes,A,microbiome,208,9,24,276,13,34,NA,Alive
110076,52.5,Oak,Healthy,5.5,11,No,Yes,A,microbiome,140,3,10,134,5,13,NA,Alive
110077,76,Alder,Healthy,10.1,11,No,Yes,A,microbiome,117,NA,22,194,11,40,NA,Alive
110078,50,Oak,Healthy,7.9,11,No,Yes,A,microbiome,125,NA,12,114,NA,17,NA,Alive
110079,55,Oak,Healthy,7.6,11,No,Yes,A,microbiome,100,NA,15,117,NA,24,NA,Alive
110080,97,Birch,Vigorous,8.7,11,No,Yes,A,microbiome,193,9,29,284,17,46,NA,Alive
110081,88.5,Cherry,Healthy,12.6,11,No,Yes,A,microbiome,109,NA,14,112,NA,14,NA,Alive
110082,102,Cherry,Healthy,14.7,11,No,Yes,A,microbiome,122,NA,19,150,4,23,NA,Alive
110084,57,Oak,Healthy,7,11,No,Yes,A,microbiome,112,NA,13,127,NA,21,NA,Alive
110085,80,Cherry,Healthy,9.6,11,No,Yes,A,microbiome,100,NA,12,115,NA,13,NA,Alive
110087,122,Birch,Vigorous,8,11,No,Yes,A,microbiome,210,9,24,305,13,34,NA,Alive
110088,88.5,Alder,Healthy,12.5,11,No,Yes,A,microbiome,164,6,31,252,18,51,NA,Alive
110089,87.5,Alder,Healthy,10.9,11,No,Yes,A,microbiome,144,5,28,221,16,48,NA,Alive
110091,54,Oak,Healthy,5.3,11,No,Yes,A,microbiome,88,NA,10,106,NA,12,NA,Alive
110092,116,Oak,Vigorous,8.8,11,No,Yes,A,microbiome,177,6,19,138,6,25,NA,Alive
110093,86,Alder,Healthy,12.4,11,No,Yes,A,microbiome,163,8,37,287,23,57,NA,Alive
110094,97,Cherry,Healthy,13.1,11,No,Yes,A,microbiome,174,7,27,214,11,35,NA,Alive
110095,93,Birch,Healthy,9.2,11,No,Yes,A,microbiome,176,5,28,268,14,38,NA,Alive
110096,82.5,Cherry,Healthy,9,11,No,Yes,A,microbiome,90,NA,16,126,NA,22,NA,Alive
110097,87.5,Cherry,Healthy,11.5,11,No,Yes,A,microbiome,139,4,25,163,6,29,NA,Alive
110098,126,Birch,Healthy,11.5,11,No,Yes,A,microbiome,220,11,33,329,22,51,NA,Alive
110099,88,Cherry,Healthy,11.1,11,No,Yes,A,microbiome,124,NA,16,147,3,24,NA,Alive
120001,65,Oak,Healthy,8.7,12,Yes,Yes,B,basalt+microbiome,150,6,13,233,13,21,NA,Alive
120002,74,Oak,Healthy,8.3,12,Yes,Yes,B,basalt+microbiome,124,NA,15,132,5,27,NA,Alive
120003,82,Birch,Healthy,5.5,12,Yes,Yes,B,basalt+microbiome,184,8,21,311,22,34,NA,Alive
120004,77,Birch,Healthy,5.5,12,Yes,Yes,B,basalt+microbiome,175,5,16,239,15,24,NA,Alive
120005,85,Birch,Healthy,5.5,12,Yes,Yes,B,basalt+microbiome,238,12,34,390,25,53,NA,Alive
120006,104,Birch,Healthy,5.6,12,Yes,Yes,B,basalt+microbiome,242,12,28,370,24,42,NA,Alive
120007,69,Alder,Healthy,8.7,12,Yes,Yes,B,basalt+microbiome,140,4,23,247,20,52,NA,Alive
120008,83,Alder,Healthy,10.6,12,Yes,Yes,B,basalt+microbiome,188,10,37,305,28,71,NA,Alive
120009,68,Alder,Healthy,6.8,12,Yes,Yes,B,basalt+microbiome,146,4,28,257,26,62,NA,Alive
120010,45,Alder,Healthy,4.4,12,Yes,Yes,B,basalt+microbiome,112,NA,13,221,14,37,NA,Alive
120011,107,Oak,Healthy,14.3,12,Yes,Yes,B,basalt+microbiome,142,5,22,194,11,31,NA,Alive
120012,87,Oak,Healthy,10.5,12,Yes,Yes,B,basalt+microbiome,163,6,14,234,12,25,NA,Alive
120013,54,Alder,Healthy,4.4,12,Yes,Yes,B,basalt+microbiome,127,NA,20,233,16,46,NA,Alive
120014,74,Alder,Healthy,7.9,12,Yes,Yes,B,basalt+microbiome,152,4,20,243,18,38,NA,Alive
120015,67,Alder,Healthy,8.3,12,Yes,Yes,B,basalt+microbiome,166,7,27,255,27,52,NA,Alive
120016,83,Alder,Healthy,9.9,12,Yes,Yes,B,basalt+microbiome,167,9,34,283,30,63,NA,Alive
120017,99,Alder,Healthy,9.4,12,Yes,Yes,B,basalt+microbiome,194,12,36,332,31,63,NA,Alive
120018,97,Alder,Healthy,10.5,12,Yes,Yes,B,basalt+microbiome,204,11,34,318,29,60,NA,Alive
120019,70,Cherry,Healthy,8.9,12,Yes,Yes,B,basalt+microbiome,112,NA,15,142,4,25,NA,Alive
120020,83,Cherry,Healthy,9.8,12,Yes,Yes,B,basalt+microbiome,98,NA,15,149,5,22,NA,Alive
120021,83,Cherry,Healthy,8.7,12,Yes,Yes,B,basalt+microbiome,179,8,21,242,18,38,NA,Alive
120022,86,Cherry,Healthy,9.8,12,Yes,Yes,B,basalt+microbiome,180,7,26,219,15,43,NA,Alive
120023,85,Cherry,Healthy,8.9,12,Yes,Yes,B,basalt+microbiome,191,9,20,247,16,32,NA,Alive
120024,103,Cherry,Healthy,11.9,12,Yes,Yes,B,basalt+microbiome,175,9,28,228,17,32,NA,Alive
120026,70,Cherry,Healthy,6.8,12,Yes,Yes,B,basalt+microbiome,120,NA,17,143,8,27,NA,Alive
120027,83,Cherry,Healthy,9.6,12,Yes,Yes,B,basalt+microbiome,113,NA,18,151,4,24,NA,Alive
120028,73,Cherry,Healthy,8.9,12,Yes,Yes,B,basalt+microbiome,148,6,18,151,10,24,NA,Alive
120029,85,Cherry,Healthy,9.5,12,Yes,Yes,B,basalt+microbiome,113,NA,14,143,3,22,NA,Alive
120030,74,Cherry,Healthy,9.8,12,Yes,Yes,B,basalt+microbiome,81,NA,11,125,NA,13,NA,Alive
120031,121,Birch,Vigorous,8.1,12,Yes,Yes,B,basalt+microbiome,207,12,24,270,21,41,NA,Alive
120032,97.5,Birch,Healthy,7,12,Yes,Yes,B,basalt+microbiome,213,9,27,319,17,44,NA,Alive
120033,90,Birch,Healthy,7,12,Yes,Yes,B,basalt+microbiome,187,7,23,257,11,31,NA,Alive
120034,95,Birch,Healthy,6,12,Yes,Yes,B,basalt+microbiome,170,5,20,278,11,30,NA,Alive
120035,99.5,Birch,Vigorous,6.5,12,Yes,Yes,B,basalt+microbiome,197,7,21,329,17,36,NA,Alive
120036,97,Birch,Healthy,6,12,Yes,Yes,B,basalt+microbiome,201,9,23,268,12,32,NA,Alive
120037,70,Oak,Healthy,8.2,12,Yes,Yes,B,basalt+microbiome,102,NA,12,118,NA,20,NA,Alive
120038,60.5,Oak,Healthy,7.7,12,Yes,Yes,B,basalt+microbiome,141,5,17,160,18,29,NA,Alive
120039,52.5,Oak,Healthy,8,12,Yes,Yes,B,basalt+microbiome,112,NA,12,108,NA,21,NA,Alive
120040,70,Oak,Healthy,8.3,12,Yes,Yes,B,basalt+microbiome,118,NA,17,135,5,34,NA,Alive
120042,58,Oak,Healthy,10.4,12,Yes,Yes,B,basalt+microbiome,151,7,14,153,6,21,NA,Alive
120043,76,Oak,Healthy,12.5,12,Yes,Yes,B,basalt+microbiome,134,3,21,145,7,38,NA,Alive
120044,61,Oak,Healthy,7.5,12,Yes,Yes,B,basalt+microbiome,129,NA,16,142,4,24,NA,Alive
120046,33,Oak,Healthy,5.5,12,Yes,Yes,B,basalt+microbiome,97,NA,8,106,NA,13,NA,Alive
120047,88.5,Alder,Vigorous,10.7,12,Yes,Yes,B,basalt+microbiome,183,9,31,317,40,62,NA,Alive
120048,111,Alder,Vigorous,10.1,12,Yes,Yes,B,basalt+microbiome,206,10,39,332,36,65,NA,Alive
120049,86.5,Alder,Vigorous,9.8,12,Yes,Yes,B,basalt+microbiome,165,5,27,143,23,60,NA,Alive
120050,27,Alder,Healthy,3.2,12,Yes,Yes,B,basalt+microbiome,89,NA,8,152,6,37,NA,Alive
120051,95.5,Alder,Vigorous,10.9,12,Yes,Yes,B,basalt+microbiome,158,4,27,184,7,40,NA,Alive
120052,90,Birch,Healthy,6.3,12,Yes,Yes,B,basalt+microbiome,174,6,20,268,6,28,NA,Alive
120053,73.5,Birch,Healthy,4.4,12,Yes,Yes,B,basalt+microbiome,170,4,16,250,9,23,NA,Alive
120054,83,Birch,Healthy,5.9,12,Yes,Yes,B,basalt+microbiome,179,7,19,292,15,30,NA,Alive
120056,72.5,Birch,Healthy,4.4,12,Yes,Yes,B,basalt+microbiome,179,8,26,273,19,36,NA,Alive
120057,86,Birch,Healthy,6.4,12,Yes,Yes,B,basalt+microbiome,147,4,24,217,14,35,NA,Alive
120058,72.5,Birch,Healthy,5.2,12,Yes,Yes,B,basalt+microbiome,213,8,22,296,20,38,NA,Alive
120059,106,Birch,Vigorous,8.3,12,Yes,Yes,B,basalt+microbiome,204,9,28,354,24,53,NA,Alive
120060,96,Birch,Vigorous,6.3,12,Yes,Yes,B,basalt+microbiome,191,8,27,271,20,44,NA,Alive
120061,100,Birch,Vigorous,7.1,12,Yes,Yes,B,basalt+microbiome,210,8,21,249,15,33,NA,Alive
120062,100.5,Birch,Vigorous,7.7,12,Yes,Yes,B,basalt+microbiome,179,7,22,271,15,32,NA,Alive
120063,94,Birch,Vigorous,6.4,12,Yes,Yes,B,basalt+microbiome,211,7,22,310,18,35,NA,Alive
120064,96,Aspen,Vigorous,6.1,12,Yes,Yes,B,basalt+microbiome,173,5,13,190,6,20,NA,Alive
120065,94,Aspen,Vigorous,6,12,Yes,Yes,B,basalt+microbiome,152,5,14,211,11,27,NA,Alive
120067,55.5,Aspen,Healthy,4.1,12,Yes,Yes,B,basalt+microbiome,103,NA,8,165,5,12,NA,Alive
120068,69.5,Aspen,Vigorous,4.2,12,Yes,Yes,B,basalt+microbiome,201,5,9,201,8,13,NA,Alive
120070,77,Oak,Healthy,7.5,12,Yes,Yes,B,basalt+microbiome,116,NA,14,119,NA,19,NA,Alive
120071,54.5,Oak,Healthy,8.6,12,Yes,Yes,B,basalt+microbiome,75,NA,15,74,NA,16,NA,Alive
120072,55.5,Oak,Healthy,5.1,12,Yes,Yes,B,basalt+microbiome,90,NA,9,106,NA,9,NA,Alive
120073,72,Oak,Healthy,11.3,12,Yes,Yes,B,basalt+microbiome,89,NA,21,115,NA,19,NA,Alive
120074,34,Birch,Healthy,8.2,12,Yes,Yes,B,basalt+microbiome,108,NA,8,152,3,11,NA,Alive
120075,33.5,Oak,Healthy,4.4,12,Yes,Yes,B,basalt+microbiome,65,NA,3,87,NA,10,NA,Alive
120076,66.5,Oak,Healthy,7.5,12,Yes,Yes,B,basalt+microbiome,100,NA,13,97,NA,13,NA,Alive
120077,68,Oak,Healthy,15.5,12,Yes,Yes,B,basalt+microbiome,130,NA,21,129,NA,28,NA,Alive
120078,26,Oak,Healthy,4.4,12,Yes,Yes,B,basalt+microbiome,30,NA,3,69,NA,6,NA,Alive
120079,66.5,Oak,Vigorous,8,12,Yes,Yes,B,basalt+microbiome,128,NA,12,123,NA,22,NA,Alive
120080,41.5,Oak,Healthy,4.6,12,Yes,Yes,B,basalt+microbiome,87,NA,6,71,NA,10,NA,Alive
120081,124,Rowan,Vigorous,10,12,Yes,Yes,B,basalt+microbiome,235,12,22,292,16,30,NA,Alive
120082,132.5,Rowan,Vigorous,11,12,Yes,Yes,B,basalt+microbiome,198,11,23,257,16,47,NA,Alive
120083,105,Rowan,Vigorous,10.5,12,Yes,Yes,B,basalt+microbiome,221,10,22,279,12,31,NA,Alive
120084,116.5,Rowan,Vigorous,11,12,Yes,Yes,B,basalt+microbiome,196,10,23,229,12,31,NA,Alive
120086,75,Alder,Healthy,8.8,12,Yes,Yes,B,basalt+microbiome,120,NA,15,137,3,18,NA,Alive
120087,39,Birch,Healthy,5.3,12,Yes,Yes,B,basalt+microbiome,113,NA,9,154,5,8,NA,Alive
120090,83,Alder,Healthy,6.5,12,Yes,Yes,B,basalt+microbiome,160,6,21,253,9,32,NA,Alive
120091,74,Alder,Healthy,6,12,Yes,Yes,B,basalt+microbiome,142,4,19,207,13,30,NA,Alive
120092,71.5,Alder,Healthy,6.4,12,Yes,Yes,B,basalt+microbiome,137,4,28,230,20,54,NA,Alive
120093,40,Alder,Healthy,6,12,Yes,Yes,B,basalt+microbiome,111,NA,16,213,11,40,NA,Alive
120094,65,Cherry,Healthy,7.6,12,Yes,Yes,B,basalt+microbiome,146,6,18,163,8,25,NA,Alive
120095,93.5,Cherry,Healthy,9.5,12,Yes,Yes,B,basalt+microbiome,179,8,33,211,12,45,NA,Alive
120096,90,Cherry,Vigorous,9.5,12,Yes,Yes,B,basalt+microbiome,205,11,23,222,13,30,NA,Alive
120097,80,Cherry,Vigorous,9.1,12,Yes,Yes,B,basalt+microbiome,187,9,28,205,12,40,NA,Alive
120098,88,Cherry,Vigorous,9.5,12,Yes,Yes,B,basalt+microbiome,181,7,21,201,14,23,NA,Alive
120099,64,Cherry,Healthy,6,12,Yes,Yes,B,basalt+microbiome,89,NA,11,109,NA,12,NA,Alive
120100,80,Cherry,Healthy,7.3,12,Yes,Yes,B,basalt+microbiome,94,NA,14,114,NA,16,NA,Alive
150001,39,Oak,Healthy,5.5,15,No,Yes,B,microbiome,111,NA,8,114,NA,12,NA,Alive
150002,66.5,Oak,Healthy,12.7,15,No,Yes,B,microbiome,83,NA,21,97,NA,23,NA,Alive
150004,33,Oak,Healthy,4.7,15,No,Yes,B,microbiome,80,NA,8,83,NA,13,NA,Alive
150005,86,Oak,Vigorous,9.9,15,No,Yes,B,microbiome,129,NA,14,108,NA,21,NA,Alive
150006,40,Aspen,Healthy,2.5,15,No,Yes,B,microbiome,150,5,11,210,10,16,NA,Alive
150008,78,Aspen,Vigorous,5,15,No,Yes,B,microbiome,201,7,16,245,14,27,NA,Alive
150009,65,Aspen,Healthy,5,15,No,Yes,B,microbiome,174,4,15,231,12,27,NA,Alive
150010,116,Aspen,Vigorous,5.6,15,No,Yes,B,microbiome,195,5,15,290,11,30,NA,Alive
150011,65,Aspen,Healthy,3.7,15,No,Yes,B,microbiome,140,3,11,247,11,20,NA,Alive
150012,82,Aspen,Healthy,6.6,15,No,Yes,B,microbiome,280,9,16,275,14,22,NA,Alive
150013,100,Aspen,Healthy,6.6,15,No,Yes,B,microbiome,250,7,23,286,15,30,NA,Alive
150014,99,Aspen,Vigorous,9.9,15,No,Yes,B,microbiome,240,9,18,249,14,32,NA,Alive
150015,76.5,Aspen,Vigorous,5.5,15,No,Yes,B,microbiome,127,NA,12,203,7,20,NA,Alive
150016,30,Aspen,Healthy,4,15,No,Yes,B,microbiome,166,5,13,225,11,22,NA,Alive
150017,47.5,Oak,Healthy,8.5,15,No,Yes,B,microbiome,96,NA,10,103,NA,17,NA,Alive
150018,76,Oak,Vigorous,9.7,15,No,Yes,B,microbiome,132,2,16,126,NA,21,NA,Alive
150019,37.5,Oak,Healthy,7.3,15,No,Yes,B,microbiome,93,NA,10,89,NA,15,NA,Alive
150020,37,Oak,Healthy,5.7,15,No,Yes,B,microbiome,87,NA,6,89,NA,11,NA,Alive
150021,74,Cherry,Healthy,6.1,15,No,Yes,B,microbiome,145,5,20,181,5,29,NA,Alive
150023,68,Cherry,Healthy,6.3,15,No,Yes,B,microbiome,139,5,17,175,11,38,NA,Alive
150024,65,Cherry,Healthy,5.8,15,No,Yes,B,microbiome,140,5,18,167,9,25,NA,Alive
150025,48,Cherry,Healthy,4.6,15,No,Yes,B,microbiome,106,NA,13,140,7,20,NA,Alive
150026,75,Cherry,Healthy,6.6,15,No,Yes,B,microbiome,160,6,17,197,10,28,NA,Alive
150027,73,Cherry,Healthy,6.9,15,No,Yes,B,microbiome,164,6,20,196,13,48,NA,Alive
150028,58,Cherry,Healthy,5.8,15,No,Yes,B,microbiome,143,10,15,173,7,21,NA,Alive
150029,90,Cherry,Vigorous,7.7,15,No,Yes,B,microbiome,183,8,24,234,15,42,NA,Alive
150030,89,Cherry,Vigorous,7.8,15,No,Yes,B,microbiome,169,7,24,212,13,32,NA,Alive
150031,52,Cherry,Healthy,4.4,15,No,Yes,B,microbiome,96,NA,11,105,NA,13,NA,Alive
150033,66,Cherry,Healthy,6.3,15,No,Yes,B,microbiome,124,NA,17,161,7,27,NA,Alive
150034,60,Cherry,Healthy,5.9,15,No,Yes,B,microbiome,132,6,16,167,10,30,NA,Alive
150035,71,Cherry,Healthy,7.2,15,No,Yes,B,microbiome,164,6,18,174,8,23,NA,Alive
150036,79,Cherry,Vigorous,8.6,15,No,Yes,B,microbiome,158,6,20,177,6,26,NA,Alive
150038,67,Cherry,Healthy,5.5,15,No,Yes,B,microbiome,134,5,15,141,9,21,NA,Alive
150039,73,Birch,Healthy,5.5,15,No,Yes,B,microbiome,180,9,20,241,11,27,NA,Alive
150040,75,Birch,Healthy,6.7,15,No,Yes,B,microbiome,161,2,22,206,6,28,NA,Alive
150041,93,Birch,Vigorous,6.5,15,No,Yes,B,microbiome,195,7,23,268,12,36,NA,Alive
150042,101,Birch,Vigorous,5.8,15,No,Yes,B,microbiome,230,11,23,320,20,35,NA,Alive
150043,117,Birch,Vigorous,6.6,15,No,Yes,B,microbiome,248,9,24,313,15,35,NA,Alive
150044,86,Birch,Vigorous,5.9,15,No,Yes,B,microbiome,240,10,24,349,20,41,NA,Alive
150045,94,Birch,Vigorous,5.8,15,No,Yes,B,microbiome,174,4,21,247,13,33,NA,Alive
150046,55,Birch,Healthy,4.4,15,No,Yes,B,microbiome,160,4,16,295,14,35,NA,Alive
150047,104,Birch,Vigorous,6.4,15,No,Yes,B,microbiome,233,10,25,323,18,42,NA,Alive
150048,90,Birch,Vigorous,6,15,No,Yes,B,microbiome,208,10,21,284,14,36,NA,Alive
150049,79.5,Birch,Healthy,5.8,15,No,Yes,B,microbiome,112,10,22,298,15,36,NA,Alive
150050,81,Birch,Healthy,5.5,15,No,Yes,B,microbiome,190,5,18,252,8,32,NA,Alive
150051,115,Birch,Healthy,6.1,15,No,Yes,B,microbiome,220,10,31,336,22,44,NA,Alive
150052,108.5,Birch,Healthy,6.8,15,No,Yes,B,microbiome,220,11,26,311,19,47,NA,Alive
150053,133,Birch,Vigorous,9,15,No,Yes,B,microbiome,240,10,35,333,22,31,NA,Alive
150054,88.5,Birch,Healthy,5.8,15,No,Yes,B,microbiome,190,9,28,289,17,36,NA,Alive
150055,90.5,Birch,Healthy,4.9,15,No,Yes,B,microbiome,200,9,17,262,12,48,NA,Alive
150056,119,Birch,Vigorous,8.3,15,No,Yes,B,microbiome,200,8,22,238,12,35,NA,Alive
150057,111,Birch,Vigorous,7.7,15,No,Yes,B,microbiome,230,10,27,344,18,45,NA,Alive
150058,102,Birch,Vigorous,7,15,No,Yes,B,microbiome,210,9,27,261,16,41,NA,Alive
150059,47.5,Alder,Healthy,9.4,15,No,Yes,B,microbiome,129,NA,20,228,13,38,NA,Alive
150060,51,Alder,Healthy,7.9,15,No,Yes,B,microbiome,140,5,25,242,14,45,NA,Alive
150061,93.5,Alder,Healthy,10.1,15,No,Yes,B,microbiome,160,8,28,253,21,53,NA,Alive
150062,69.5,Alder,Healthy,8.6,15,No,Yes,B,microbiome,163,8,28,285,22,45,NA,Alive
150063,82,Alder,Healthy,6.6,15,No,Yes,B,microbiome,163,7,30,270,22,48,NA,Alive
150064,78.5,Alder,Healthy,7,15,No,Yes,B,microbiome,174,8,32,270,24,58,NA,Alive
150065,89,Alder,Healthy,8.4,15,No,Yes,B,microbiome,192,11,32,311,26,61,NA,Alive
150066,48,Alder,Healthy,6.5,15,No,Yes,B,microbiome,136,4,20,212,14,40,NA,Alive
150068,70,Alder,Healthy,7.3,15,No,Yes,B,microbiome,151,5,24,237,17,41,NA,Alive
150069,98,Birch,Vigorous,6.9,15,No,Yes,B,microbiome,260,7,27,348,16,42,NA,Alive
150070,64,Alder,Healthy,5.8,15,No,Yes,B,microbiome,136,5,26,243,20,45,NA,Alive
150071,85,Alder,Vigorous,6.2,15,No,Yes,B,microbiome,105,9,37,281,23,53,NA,Alive
150072,102,Alder,Vigorous,9.7,15,No,Yes,B,microbiome,207,12,38,337,25,63,NA,Alive
150075,42,Rowan,Healthy,5.4,15,No,Yes,B,microbiome,44,NA,6,87,NA,8,NA,Alive
150076,75,Alder,Vigorous,9.2,15,No,Yes,B,microbiome,159,6,29,173,8,28,NA,Alive
150077,86,Alder,Vigorous,7.2,15,No,Yes,B,microbiome,198,10,30,288,20,44,NA,Alive
150078,75,Alder,Vigorous,7.1,15,No,Yes,B,microbiome,165,8,31,250,16,47,NA,Alive
150079,68.5,Cherry,Healthy,6.7,15,No,Yes,B,microbiome,139,4,15,182,11,22,NA,Alive
150080,98,Cherry,Healthy,8,15,No,Yes,B,microbiome,178,9,19,210,9,32,NA,Alive
150081,84,Cherry,Healthy,7.2,15,No,Yes,B,microbiome,153,7,17,174,12,26,NA,Alive
150082,76.5,Cherry,Healthy,6,15,No,Yes,B,microbiome,112,NA,15,135,4,21,NA,Alive
150083,71,Cherry,Healthy,6.5,15,No,Yes,B,microbiome,192,8,21,216,11,32,NA,Alive
150084,90,Cherry,Healthy,7.3,15,No,Yes,B,microbiome,159,5,20,185,6,26,NA,Alive
150087,73,Cherry,Healthy,8.8,15,No,Yes,B,microbiome,103,NA,16,116,NA,20,NA,Alive
150088,87,Cherry,Vigorous,6.6,15,No,Yes,B,microbiome,115,NA,16,159,6,27,NA,Alive
150089,73,Cherry,Healthy,6.8,15,No,Yes,B,microbiome,88,NA,12,127,NA,21,NA,Alive
150090,80,Cherry,Healthy,8.4,15,No,Yes,B,microbiome,148,6,20,187,12,31,NA,Alive
150091,91,Cherry,Healthy,11.4,15,No,Yes,B,microbiome,152,5,23,157,6,22,NA,Alive
150092,92,Cherry,Vigorous,8.6,15,No,Yes,B,microbiome,178,9,20,199,12,26,NA,Alive
150093,106,Cherry,Vigorous,9.6,15,No,Yes,B,microbiome,126,NA,21,133,3,22,NA,Alive
150094,93,Cherry,Vigorous,9.4,15,No,Yes,B,microbiome,120,NA,21,138,4,22,NA,Alive
150095,54,Alder,Healthy,5.2,15,No,Yes,B,microbiome,135,3,30,208,11,41,NA,Alive
150096,56,Alder,Healthy,6.2,15,No,Yes,B,microbiome,125,NA,21,196,11,36,NA,Alive
150097,28,Alder,Healthy,4.9,15,No,Yes,B,microbiome,90,NA,12,118,NA,25,NA,Alive
150100,65,Alder,Healthy,5.7,15,No,Yes,B,microbiome,121,NA,20,185,7,33,NA,Alive
180001,80,Cherry,Healthy,7.1,18,No,No,B,control,172,7,17,195,11,21,NA,Alive
180002,68,Cherry,Healthy,5.5,18,No,No,B,control,163,6,21,190,9,26,NA,Alive
180003,99,Cherry,Healthy,7.7,18,No,No,B,control,222,11,31,249,14,34,NA,Alive
180004,78,Cherry,Healthy,7.5,18,No,No,B,control,171,7,22,195,9,25,NA,Alive
180005,88,Cherry,Healthy,8.8,18,No,No,B,control,154,7,17,186,7,28,NA,Alive
180007,78,Cherry,Healthy,7.8,18,No,No,B,control,137,4,17,165,6,20,NA,Alive
180008,33,Cherry,Healthy,3.3,18,No,No,B,control,62,NA,6,84,NA,12,NA,Alive
180009,140,Rowan,Healthy,10,18,No,No,B,control,220,11,20,274,17,30,NA,Alive
180010,108,Rowan,Healthy,10,18,No,No,B,control,126,NA,17,184,9,36,NA,Alive
180011,101,Birch,Healthy,6.6,18,No,No,B,control,191,8,18,304,14,30,NA,Alive
180012,58,Birch,Healthy,5,18,No,No,B,control,155,4,18,207,6,20,NA,Alive
180013,65,Birch,Healthy,5,18,No,No,B,control,156,3,16,217,8,28,NA,Alive
180014,58,Birch,Healthy,4.4,18,No,No,B,control,137,3,15,204,6,20,NA,Alive
180015,65,Oak,Healthy,10,18,No,No,B,control,146,4,18,147,4,25,NA,Alive
180016,65,Oak,Healthy,10.2,18,No,No,B,control,96,NA,17,131,5,21,NA,Alive
180017,44,Oak,Healthy,6.4,18,No,No,B,control,126,NA,10,124,NA,12,NA,Alive
180018,67,Oak,Healthy,10.2,18,No,No,B,control,130,3,15,135,2,25,NA,Alive
180019,39,Oak,Healthy,8.6,18,No,No,B,control,103,NA,11,105,NA,14,NA,Alive
180020,82,Oak,Healthy,10,18,No,No,B,control,158,5,21,161,5,25,NA,Alive
180021,77,Oak,Healthy,13.3,18,No,No,B,control,116,NA,25,131,4,22,NA,Alive
180022,61,Oak,Healthy,9,18,No,No,B,control,119,NA,11,122,NA,16,NA,Alive
180023,57,Oak,Healthy,6.4,18,No,No,B,control,94,NA,11,109,NA,14,NA,Alive
180024,79,Oak,Healthy,6.9,18,No,No,B,control,126,NA,15,103,NA,22,NA,Alive
180025,68,Oak,Healthy,17,18,No,No,B,control,91,NA,22,115,NA,22,NA,Alive
180026,70,Oak,Healthy,16.1,18,No,No,B,control,78,NA,30,140,6,23,NA,Alive
180027,107,Birch,Healthy,7.3,18,No,No,B,control,225,10,30,270,12,33,NA,Alive
180028,69,Birch,Healthy,6.5,18,No,No,B,control,139,3,17,236,9,21,NA,Alive
180029,84,Birch,Healthy,5.9,18,No,No,B,control,171,5,16,224,9,28,NA,Alive
180030,73,Birch,Healthy,5,18,No,No,B,control,187,5,19,238,12,32,NA,Alive
180031,93,Birch,Vigorous,5.1,18,No,No,B,control,164,4,15,150,6,18,NA,Alive
180032,51,Alder,Healthy,4.4,18,No,No,B,control,115,NA,17,192,10,28,NA,Alive
180033,87,Birch,Healthy,4.9,18,No,No,B,control,161,4,14,208,6,20,NA,Alive
180034,33,Alder,Healthy,5.8,18,No,No,B,control,106,NA,15,163,5,28,NA,Alive
180035,86,Birch,Healthy,5.5,18,No,No,B,control,181,6,18,245,7,28,NA,Alive
180036,19,Birch,Healthy,6.1,18,No,No,B,control,189,5,22,238,6,33,NA,Alive
180037,50,Birch,Healthy,3.9,18,No,No,B,control,165,4,16,201,6,26,NA,Alive
180038,66,Birch,Healthy,5.2,18,No,No,B,control,166,5,34,211,13,32,NA,Alive
180039,68,Birch,Healthy,4.9,18,No,No,B,control,202,9,19,268,14,28,NA,Alive
180040,87,Birch,Healthy,6.2,18,No,No,B,control,255,12,26,405,23,43,NA,Alive
180041,89,Birch,Healthy,4.9,18,No,No,B,control,195,9,23,232,9,25,NA,Alive
180042,103,Birch,Healthy,7.1,18,No,No,B,control,210,8,23,259,10,34,NA,Alive
180043,73.5,Birch,Healthy,6,18,No,No,B,control,186,7,23,240,12,32,NA,Alive
180044,66,Alder,Healthy,6.6,18,No,No,B,control,118,NA,19,176,7,33,NA,Alive
180045,82,Birch,Healthy,6,18,No,No,B,control,178,5,20,207,8,23,NA,Alive
180046,69,Alder,Healthy,5.5,18,No,No,B,control,146,3,30,234,15,51,NA,Alive
180047,61.5,Alder,Healthy,9,18,No,No,B,control,137,3,29,199,16,52,NA,Alive
180048,54,Alder,Healthy,6.4,18,No,No,B,control,128,NA,19,189,10,39,NA,Alive
180049,23,Alder,Healthy,5.4,18,No,No,B,control,100,NA,15,183,15,37,NA,Alive
180050,86,Alder,Vigorous,6.9,18,No,No,B,control,177,8,25,279,21,55,NA,Alive
180051,86.5,Birch,Vigorous,6,18,No,No,B,control,196,5,19,228,8,21,NA,Alive
180052,90,Birch,Healthy,5.8,18,No,No,B,control,173,7,17,248,11,29,NA,Alive
180053,101,Birch,Vigorous,6.6,18,No,No,B,control,218,10,53,278,14,32,NA,Alive
180054,37,Cherry,Healthy,6.9,18,No,No,B,control,100,NA,10,122,NA,14,NA,Alive
180055,75,Cherry,Healthy,6.5,18,No,No,B,control,128,NA,14,129,NA,17,NA,Alive
180056,70,Cherry,Healthy,8.1,18,No,No,B,control,116,NA,14,136,3,17,NA,Alive
180058,84.5,Cherry,Healthy,7.4,18,No,No,B,control,86,NA,9,107,NA,12,NA,Alive
180059,85.5,Aspen,Healthy,5.6,18,No,No,B,control,199,7,17,228,10,22,NA,Alive
180061,96.5,Aspen,Vigorous,6.5,18,No,No,B,control,217,9,24,241,11,29,NA,Alive
180063,93.5,Cherry,Vigorous,8.1,18,No,No,B,control,132,5,17,151,6,25,NA,Alive
180064,58.5,Cherry,Healthy,5,18,No,No,B,control,97,NA,12,115,NA,15,NA,Alive
180066,85.5,Cherry,Healthy,9.1,18,No,No,B,control,115,NA,21,154,4,28,NA,Alive
180067,83,Cherry,Healthy,7.5,18,No,No,B,control,184,6,19,199,10,23,NA,Alive
180068,91,Birch,Healthy,6,18,No,No,B,control,202,6,18,229,6,24,NA,Alive
180069,74,Birch,Healthy,5.2,18,No,No,B,control,154,2,15,165,5,22,NA,Alive
180070,93,Birch,Healthy,6.3,18,No,No,B,control,190,5,21,253,11,34,NA,Alive
180071,82,Cherry,Healthy,7.4,18,No,No,B,control,188,9,20,221,13,48,NA,Alive
180072,77,Cherry,Healthy,7.9,18,No,No,B,control,180,8,19,211,11,27,NA,Alive
180073,80.5,Cherry,Healthy,7,18,No,No,B,control,184,8,22,193,12,32,NA,Alive
180075,49,Cherry,Healthy,4,18,No,No,B,control,88,NA,9,115,NA,13,NA,Alive
180076,93,Cherry,Vigorous,10.1,18,No,No,B,control,127,NA,19,169,6,28,NA,Alive
180077,87,Birch,Healthy,5.9,18,No,No,B,control,195,8,27,293,22,44,NA,Alive
180078,91.5,Birch,Healthy,5.6,18,No,No,B,control,208,11,29,283,20,46,NA,Alive
180079,103,Birch,Healthy,8,18,No,No,B,control,225,13,35,275,16,45,NA,Alive
180080,91,Birch,Vigorous,6.2,18,No,No,B,control,187,4,17,234,11,25,NA,Alive
180081,86,Birch,Healthy,5.9,18,No,No,B,control,220,8,21,260,12,28,NA,Alive
180082,24,Birch,Healthy,2.6,18,No,No,B,control,104,NA,8,151,3,13,NA,Alive
180083,60,Birch,Healthy,3.1,18,No,No,B,control,174,5,16,234,8,22,NA,Alive
180084,63,Birch,Healthy,2.4,18,No,No,B,control,164,5,18,222,8,23,NA,Alive
180085,113,Cherry,Healthy,10.7,18,No,No,B,control,134,4,24,177,9,29,NA,Alive
180086,78,Cherry,Healthy,6.9,18,No,No,B,control,96,NA,13,105,NA,13,NA,Alive
180087,60,Cherry,Healthy,4.8,18,No,No,B,control,154,6,13,191,8,18,NA,Alive
180088,79,Cherry,Healthy,7.7,18,No,No,B,control,121,NA,17,129,NA,18,NA,Alive
180089,93,Cherry,Healthy,8.7,18,No,No,B,control,147,4,21,174,6,26,NA,Alive
180090,82,Cherry,Healthy,7.9,18,No,No,B,control,113,NA,16,144,4,20,NA,Alive
180091,105,Birch,Healthy,7.4,18,No,No,B,control,230,12,34,266,18,48,NA,Alive
180092,85,Birch,Healthy,5.2,18,No,No,B,control,198,6,30,259,11,21,NA,Alive
180093,96,Birch,Healthy,5.8,18,No,No,B,control,183,5,18,221,12,27,NA,Alive
180094,81,Birch,Healthy,5.1,18,No,No,B,control,162,2,18,245,7,27,NA,Alive
180095,117,Birch,Healthy,7.7,18,No,No,B,control,197,9,34,271,20,45,NA,Alive
180096,83,Birch,Healthy,6.1,18,No,No,B,control,191,6,22,288,16,35,NA,Alive
180097,96,Birch,Healthy,5.9,18,No,No,B,control,181,3,21,217,7,21,NA,Alive
180098,110,Birch,Healthy,7.9,18,No,No,B,control,212,14,27,310,18,40,NA,Alive
180099,38,Birch,Healthy,4.9,18,No,No,B,control,159,5,17,174,6,25,NA,Alive
180100,93,Birch,Healthy,5.6,18,No,No,B,control,249,9,21,331,16,33,NA,Alive
200001,56,Cherry,Healthy,0.5,20,Yes,No,B,basalt,129,NA,17,177,7,33,NA,Alive
200002,65,Cherry,Healthy,5.5,20,Yes,No,B,basalt,93,NA,11,127,NA,16,NA,Alive
200003,57,Alder,Healthy,5.5,20,Yes,No,B,basalt,167,7,31,149,23,50,NA,Alive
200004,66,Birch,Healthy,4.9,20,Yes,No,B,basalt,220,10,27,347,20,35,NA,Alive
200005,69,Birch,Healthy,4.4,20,Yes,No,B,basalt,261,15,33,407,30,54,NA,Alive
200006,73.5,Cherry,Healthy,0.5,20,Yes,No,B,basalt,136,4,19,190,32,37,NA,Alive
200007,77,Cherry,Healthy,0.7,20,Yes,No,B,basalt,211,10,25,259,20,40,NA,Alive
200008,81,Cherry,Vigorous,0.6,20,Yes,No,B,basalt,191,9,33,241,20,48,NA,Alive
200009,62,Alder,Healthy,6.9,20,Yes,No,B,basalt,183,10,30,319,31,66,NA,Alive
200011,71,Cherry,Healthy,0.6,20,Yes,No,B,basalt,159,6,22,198,15,37,NA,Alive
200012,54.4,Cherry,Healthy,4.5,20,Yes,No,B,basalt,119,NA,14,151,5,8,NA,Alive
200013,81.5,Cherry,Healthy,0.6,20,Yes,No,B,basalt,130,5,22,188,10,33,NA,Alive
200014,72,Cherry,Healthy,0.7,20,Yes,No,B,basalt,218,11,27,261,20,41,NA,Alive
200015,57.5,Cherry,Healthy,0.6,20,Yes,No,B,basalt,208,8,20,264,20,32,NA,Alive
200016,53.5,Cherry,Healthy,0.4,20,Yes,No,B,basalt,117,NA,13,177,9,22,NA,Alive
200017,59.5,Cherry,Healthy,0.8,20,Yes,No,B,basalt,251,11,26,271,20,51,NA,Alive
200019,79.5,Cherry,Healthy,0.6,20,Yes,No,B,basalt,177,7,18,187,13,31,NA,Alive
200020,86,Cherry,Healthy,6,20,Yes,No,B,basalt,164,8,16,183,15,26,NA,Alive
200021,64,Cherry,Healthy,0.5,20,Yes,No,B,basalt,106,NA,12,174,8,23,NA,Alive
200022,81.5,Cherry,Healthy,0.9,20,Yes,No,B,basalt,236,10,31,259,21,47,NA,Alive
200023,77,Cherry,Healthy,5.6,20,Yes,No,B,basalt,193,9,21,203,15,30,NA,Alive
200024,59,Cherry,Healthy,0.4,20,Yes,No,B,basalt,127,NA,16,188,9,30,NA,Alive
200025,61,Cherry,Healthy,4.5,20,Yes,No,B,basalt,99,NA,15,157,5,22,NA,Alive
200026,5.3,Oak,Healthy,10.8,20,Yes,No,B,basalt,112,NA,13,120,NA,20,NA,Alive
200027,52,Oak,Healthy,8.7,20,Yes,No,B,basalt,77,NA,10,103,NA,17,NA,Alive
200028,63,Oak,Healthy,5.4,20,Yes,No,B,basalt,121,NA,13,146,6,20,NA,Alive
200029,65,Oak,Healthy,8.6,20,Yes,No,B,basalt,124,NA,15,91,NA,22,NA,Alive
200031,76,Oak,Healthy,13.6,20,Yes,No,B,basalt,143,5,20,170,11,30,NA,Alive
200032,56,Oak,Healthy,10.8,20,Yes,No,B,basalt,126,NA,14,191,7,25,NA,Alive
200033,73,Oak,Healthy,16.6,20,Yes,No,B,basalt,138,3,23,217,11,31,NA,Alive
200034,44,Aspen,Healthy,3.3,20,Yes,No,B,basalt,148,3,13,216,8,24,NA,Alive
200035,47,Birch,Healthy,3.4,20,Yes,No,B,basalt,157,4,9,204,10,13,NA,Alive
200036,63,Aspen,Healthy,5.8,20,Yes,No,B,basalt,143,2,9,233,7,13,NA,Alive
200037,27,Aspen,Healthy,2.7,20,Yes,No,B,basalt,119,NA,6,149,3,11,NA,Alive
200038,50,Birch,Healthy,4.4,20,Yes,No,B,basalt,112,NA,9,146,3,14,NA,Alive
200041,88,Aspen,Healthy,4.4,20,Yes,No,B,basalt,258,11,25,319,21,35,NA,Alive
200042,71,Aspen,Healthy,6.5,20,Yes,No,B,basalt,196,6,17,249,13,28,NA,Alive
200044,168,Rowan,Vigorous,12.2,20,Yes,No,B,basalt,244,14,35,292,23,46,NA,Alive
200045,85,Alder,Healthy,7.7,20,Yes,No,B,basalt,216,13,44,287,34,70,NA,Alive
200046,136,Rowan,Vigorous,13.8,20,Yes,No,B,basalt,231,9,28,294,23,51,NA,Alive
200047,56,Alder,Healthy,6.8,20,Yes,No,B,basalt,155,6,26,238,13,40,NA,Alive
200048,30,Alder,Healthy,4.8,20,Yes,No,B,basalt,108,NA,14,206,15,36,NA,Alive
200049,61,Birch,Healthy,3.5,20,Yes,No,B,basalt,184,5,18,286,12,26,NA,Alive
200050,52,Birch,Healthy,4.6,20,Yes,No,B,basalt,187,8,27,303,25,44,NA,Alive
200051,73,Birch,Healthy,4.5,20,Yes,No,B,basalt,209,8,23,341,20,35,NA,Alive
200052,40,Birch,Healthy,3.4,20,Yes,No,B,basalt,138,3,18,206,7,25,NA,Alive
200053,78,Birch,Healthy,4.5,20,Yes,No,B,basalt,240,15,34,350,21,48,NA,Alive
200054,59,Birch,Healthy,4.5,20,Yes,No,B,basalt,207,7,23,297,15,35,NA,Alive
200055,61,Birch,Healthy,3.3,20,Yes,No,B,basalt,153,3,19,239,10,26,NA,Alive
200056,63,Birch,Healthy,4.5,20,Yes,No,B,basalt,177,3,23,264,8,30,NA,Alive
200057,47,Birch,Healthy,3.6,20,Yes,No,B,basalt,194,6,21,294,16,34,NA,Alive
200059,39,Birch,Healthy,3.2,20,Yes,No,B,basalt,150,3,15,267,12,22,NA,Alive
200060,43,Birch,Healthy,3.5,20,Yes,No,B,basalt,171,6,22,254,12,27,NA,Alive
200063,70,Birch,Healthy,4.2,20,Yes,No,B,basalt,196,7,20,323,20,35,NA,Alive
200065,39,Birch,Healthy,3.5,20,Yes,No,B,basalt,117,NA,13,196,7,21,NA,Alive
200067,76,Alder,Healthy,6.6,20,Yes,No,B,basalt,212,14,37,339,31,63,NA,Alive
200068,73,Birch,Healthy,5.9,20,Yes,No,B,basalt,267,13,27,400,24,36,NA,Alive
200070,40,Birch,Healthy,3.6,20,Yes,No,B,basalt,194,7,17,284,17,31,NA,Alive
200071,52,Alder,Healthy,6.7,20,Yes,No,B,basalt,139,5,20,249,16,40,NA,Alive
200072,49,Alder,Healthy,5.7,20,Yes,No,B,basalt,104,NA,15,221,9,34,NA,Alive
200073,58,Alder,Healthy,7.6,20,Yes,No,B,basalt,211,11,36,352,28,58,NA,Alive
200074,50,Birch,Healthy,4.9,20,Yes,No,B,basalt,215,10,19,292,21,32,NA,Alive
200075,46,Birch,Healthy,3.4,20,Yes,No,B,basalt,175,5,16,258,13,26,NA,Alive
200076,17,Birch,Healthy,3.2,20,Yes,No,B,basalt,153,3,17,201,10,22,NA,Alive
200077,63,Birch,Vigorous,4.1,20,Yes,No,B,basalt,210,9,26,298,17,32,NA,Alive
200078,70,Birch,Healthy,4.7,20,Yes,No,B,basalt,180,4,16,220,10,24,NA,Alive
200079,60,Birch,Healthy,4.8,20,Yes,No,B,basalt,210,9,25,278,20,40,NA,Alive
200080,42,Alder,Healthy,6.2,20,Yes,No,B,basalt,186,11,27,327,34,53,NA,Alive
200081,57,Alder,Healthy,6.7,20,Yes,No,B,basalt,163,9,29,277,22,42,NA,Alive
200082,61,Alder,Healthy,5.8,20,Yes,No,B,basalt,162,5,27,282,24,56,NA,Alive
200083,54,Alder,Healthy,5.3,20,Yes,No,B,basalt,185,10,38,301,30,55,NA,Alive
200084,28,Alder,Healthy,3.4,20,Yes,No,B,basalt,93,NA,10,194,12,22,NA,Alive
200085,58,Alder,Healthy,5.2,20,Yes,No,B,basalt,152,6,26,285,24,61,NA,Alive
200087,47,Alder,Healthy,5.5,20,Yes,No,B,basalt,148,5,22,276,22,44,NA,Alive
200088,66,Alder,Healthy,6.7,20,Yes,No,B,basalt,168,8,31,168,30,61,NA,Alive
200089,62,Alder,Healthy,7.1,20,Yes,No,B,basalt,192,10,35,301,27,59,NA,Alive
200090,57,Alder,Healthy,6.6,20,Yes,No,B,basalt,173,10,25,282,27,50,NA,Alive
200091,51,Alder,Healthy,4.7,20,Yes,No,B,basalt,114,NA,13,208,12,29,NA,Alive
200092,61,Alder,Healthy,6.6,20,Yes,No,B,basalt,160,6,25,279,26,51,NA,Alive
200093,70,Alder,Healthy,6.7,20,Yes,No,B,basalt,171,8,27,277,30,50,NA,Alive
200094,130,Alder,Healthy,10.6,20,Yes,No,B,basalt,192,10,32,301,31,60,NA,Alive
200095,139,Alder,Healthy,7.6,20,Yes,No,B,basalt,182,9,31,303,21,61,NA,Alive
200096,56,Alder,Healthy,6.5,20,Yes,No,B,basalt,139,4,20,213,20,43,NA,Alive
200097,76,Alder,Healthy,8.1,20,Yes,No,B,basalt,203,13,39,320,35,60,NA,Alive
200098,70,Alder,Vigorous,5.7,20,Yes,No,B,basalt,180,11,35,282,32,55,NA,Alive
200099,61,Alder,Healthy,6.2,20,Yes,No,B,basalt,161,6,27,278,30,50,NA,Alive
200100,128,Alder,Healthy,8.9,20,Yes,No,B,basalt,192,9,29,178,25,50,NA,Alive
240001,58.5,Birch,Healthy,4.4,24,No,Yes,C,microbiome,178,6,21,242,8,27,NA,Alive
240002,68,Birch,Healthy,4.3,24,No,Yes,C,microbiome,148,3,15,236,8,21,NA,Alive
240003,85,Birch,Healthy,5.9,24,No,Yes,C,microbiome,216,9,22,297,14,34,NA,Alive
240004,59,Birch,Healthy,3.1,24,No,Yes,C,microbiome,160,4,15,271,14,29,NA,Alive
240005,77,Birch,Healthy,6,24,No,Yes,C,microbiome,219,7,25,313,14,32,NA,Alive
240006,85,Birch,Healthy,6.1,24,No,Yes,C,microbiome,192,8,28,283,14,34,NA,Alive
240007,61,Birch,Healthy,5.6,24,No,Yes,C,microbiome,169,3,18,240,8,27,NA,Alive
240008,70,Birch,Healthy,4.2,24,No,Yes,C,microbiome,178,6,23,269,11,31,NA,Alive
240009,62,Birch,Healthy,3.5,24,No,Yes,C,microbiome,174,5,22,232,8,35,NA,Alive
240010,65,Birch,Healthy,4.5,24,No,Yes,C,microbiome,143,3,14,228,7,18,NA,Alive
240011,62,Birch,Healthy,4.1,24,No,Yes,C,microbiome,179,6,19,261,15,34,NA,Alive
240012,68.5,Birch,Healthy,4.1,24,No,Yes,C,microbiome,199,7,19,298,15,29,NA,Alive
240013,69,Birch,Healthy,4.1,24,No,Yes,C,microbiome,176,7,20,261,15,37,NA,Alive
240014,91,Birch,Healthy,4.9,24,No,Yes,C,microbiome,189,7,19,279,15,29,NA,Alive
240015,76,Birch,Healthy,4.5,24,No,Yes,C,microbiome,185,7,19,285,16,37,NA,Alive
240016,81,Birch,Healthy,5,24,No,Yes,C,microbiome,162,7,21,256,15,40,NA,Alive
240017,59.5,Birch,Healthy,3.6,24,No,Yes,C,microbiome,71,NA,26,101,NA,10,NA,Alive
240018,70,Birch,Healthy,4.1,24,No,Yes,C,microbiome,126,NA,22,162,3,16,NA,Alive
240019,57,Birch,Healthy,4.1,24,No,Yes,C,microbiome,137,3,12,232,12,25,NA,Alive
240020,62,Birch,Healthy,4.2,24,No,Yes,C,microbiome,165,4,14,256,10,25,NA,Alive
240021,71,Birch,Healthy,4.5,24,No,Yes,C,microbiome,172,4,16,254,10,29,NA,Alive
240022,51,Birch,Healthy,3.7,24,No,Yes,C,microbiome,170,2,12,244,10,24,NA,Alive
240023,87,Birch,Healthy,5.1,24,No,Yes,C,microbiome,200,9,24,295,21,44,NA,Alive
240024,35,Birch,Healthy,3.3,24,No,Yes,C,microbiome,140,1,12,256,10,22,NA,Alive
240025,56.5,Birch,Healthy,3.6,24,No,Yes,C,microbiome,154,2,13,242,11,28,NA,Alive
240026,89,Birch,Vigorous,5,24,No,Yes,C,microbiome,204,6,22,298,16,41,NA,Alive
240027,49.5,Birch,Healthy,3.6,24,No,Yes,C,microbiome,150,1,14,222,12,34,NA,Alive
240028,69,Birch,Healthy,5,24,No,Yes,C,microbiome,189,4,15,261,8,29,NA,Alive
240029,81,Birch,Vigorous,4.6,24,No,Yes,C,microbiome,217,5,21,314,14,37,NA,Alive
240030,66,Birch,Healthy,3.8,24,No,Yes,C,microbiome,166,2,15,233,10,32,NA,Alive
240031,73,Cherry,Healthy,6.3,24,No,Yes,C,microbiome,132,4,13,161,7,20,NA,Alive
240032,72.5,Cherry,Healthy,6.5,24,No,Yes,C,microbiome,124,NA,15,151,3,21,NA,Alive
240033,106,Rowan,Vigorous,7.7,24,No,Yes,C,microbiome,216,5,21,277,13,30,NA,Alive
240034,84,Rowan,Healthy,9.4,24,No,Yes,C,microbiome,141,5,14,198,8,26,NA,Alive
240035,103,Rowan,Vigorous,8.1,24,No,Yes,C,microbiome,195,8,19,228,11,27,NA,Alive
240036,97,Rowan,Vigorous,8.3,24,No,Yes,C,microbiome,215,9,16,249,13,25,NA,Alive
240037,65,Rowan,Healthy,5.9,24,No,Yes,C,microbiome,168,8,18,230,15,29,NA,Alive
240038,83.5,Rowan,Healthy,7,24,No,Yes,C,microbiome,142,5,17,196,10,25,NA,Alive
240044,77,Rowan,Healthy,6.4,24,No,Yes,C,microbiome,202,8,21,252,16,29,NA,Alive
240045,88,Rowan,Healthy,6.4,24,No,Yes,C,microbiome,232,10,18,260,15,22,NA,Alive
240046,84,Rowan,Healthy,8.6,24,No,Yes,C,microbiome,141,4,16,190,8,23,NA,Alive
240047,105,Rowan,Vigorous,8,24,No,Yes,C,microbiome,199,9,24,253,14,31,NA,Alive
240048,75,Rowan,Healthy,6.4,24,No,Yes,C,microbiome,221,10,18,257,13,24,NA,Alive
240049,44,Cherry,Healthy,4.7,24,No,Yes,C,microbiome,69,NA,7,76,NA,7,NA,Alive
240050,71,Cherry,Healthy,5,24,No,Yes,C,microbiome,110,NA,13,141,4,19,NA,Alive
240051,57,Cherry,Healthy,5.1,24,No,Yes,C,microbiome,62,NA,7,64,NA,13,NA,Alive
240052,51,Alder,Healthy,5.6,24,No,Yes,C,microbiome,98,NA,14,166,8,32,NA,Alive
240054,75.5,Alder,Vigorous,6.3,24,No,Yes,C,microbiome,147,5,21,250,19,44,NA,Alive
240055,70,Alder,Vigorous,7.4,24,No,Yes,C,microbiome,132,4,23,244,21,48,NA,Alive
240058,58,Alder,Healthy,5.1,24,No,Yes,C,microbiome,134,3,18,224,14,38,NA,Alive
240059,24,Alder,Healthy,3.6,24,No,Yes,C,microbiome,95,NA,10,125,NA,26,NA,Alive
240060,65.5,Alder,Healthy,6.1,24,No,Yes,C,microbiome,142,4,22,222,17,44,NA,Alive
240061,35,Alder,Healthy,4,24,No,Yes,C,microbiome,88,NA,11,152,4,26,NA,Alive
240062,76,Alder,Healthy,7.7,24,No,Yes,C,microbiome,115,NA,15,173,6,26,NA,Alive
240063,41,Alder,Healthy,4.4,24,No,Yes,C,microbiome,84,NA,10,143,2,20,NA,Alive
240064,80,Alder,Healthy,6.9,24,No,Yes,C,microbiome,131,2,16,207,12,34,NA,Alive
240065,29,Alder,Healthy,4,24,No,Yes,C,microbiome,104,NA,16,193,11,35,NA,Alive
240066,89,Alder,Vigorous,8.3,24,No,Yes,C,microbiome,158,8,25,242,24,51,NA,Alive
240067,56,Alder,Healthy,8.9,24,No,Yes,C,microbiome,100,NA,16,158,5,47,NA,Alive
240068,31,Alder,Healthy,5.5,24,No,Yes,C,microbiome,110,NA,15,213,13,41,NA,Alive
240069,43,Alder,Healthy,6.8,24,No,Yes,C,microbiome,52,NA,6,123,NA,14,NA,Alive
240070,78.9,Cherry,Healthy,7.7,24,No,Yes,C,microbiome,155,6,16,194,11,26,NA,Alive
240071,50,Aspen,Healthy,3.3,24,No,Yes,C,microbiome,70,NA,6,111,NA,9,NA,Alive
240073,57,Aspen,Healthy,4.6,24,No,Yes,C,microbiome,86,NA,6,136,2,9,NA,Alive
240074,75.5,Aspen,Healthy,10.9,24,No,Yes,C,microbiome,129,NA,9,143,2,14,NA,Alive
240075,53,Aspen,Healthy,3.7,24,No,Yes,C,microbiome,77,NA,4,105,NA,6,NA,Alive
240077,66.5,Cherry,Healthy,4.1,24,No,Yes,C,microbiome,86,NA,10,91,NA,11,NA,Alive
240078,71,Cherry,Healthy,6.3,24,No,Yes,C,microbiome,81,NA,9,80,NA,10,NA,Alive
240079,63,Cherry,Healthy,6.8,24,No,Yes,C,microbiome,106,NA,10,134,4,13,NA,Alive
240080,77.5,Cherry,Healthy,9.9,24,No,Yes,C,microbiome,98,NA,15,129,NA,22,NA,Alive
240082,46,Cherry,Healthy,5.7,24,No,Yes,C,microbiome,47,NA,6,76,NA,9,NA,Alive
240083,76,Cherry,Healthy,9.8,24,No,Yes,C,microbiome,93,NA,10,110,NA,13,NA,Alive
240084,66,Cherry,Healthy,6.9,24,No,Yes,C,microbiome,139,5,14,158,6,19,NA,Alive
240085,33,Aspen,Healthy,2.5,24,No,Yes,C,microbiome,70,NA,3,90,NA,5,NA,Alive
240088,52,Aspen,Healthy,4.8,24,No,Yes,C,microbiome,66,NA,4,103,NA,5,NA,Alive
240089,97,Aspen,Healthy,10.3,24,No,Yes,C,microbiome,180,5,14,218,10,21,NA,Alive
240090,72,Aspen,Healthy,5.7,24,No,Yes,C,microbiome,123,NA,13,184,7,21,NA,Alive
240091,87.5,Birch,Healthy,6.8,24,No,Yes,C,microbiome,210,10,29,340,24,41,NA,Alive
240092,37,Oak,Healthy,7.1,24,No,Yes,C,microbiome,72,NA,12,104,NA,14,NA,Alive
240093,64,Oak,Healthy,13.9,24,No,Yes,C,microbiome,92,NA,19,139,5,27,NA,Alive
240094,50,Oak,Healthy,6,24,No,Yes,C,microbiome,105,NA,13,109,NA,14,NA,Alive
240096,39,Oak,Healthy,9.3,24,No,Yes,C,microbiome,88,NA,11,103,NA,14,NA,Alive
240097,46,Oak,Healthy,9.2,24,No,Yes,C,microbiome,136,3,15,145,5,19,NA,Alive
240100,62,Oak,Healthy,15.9,24,No,Yes,C,microbiome,93,NA,18,106,NA,23,NA,Alive
260001,46,Birch,Healthy,3,26,Yes,No,C,basalt,188,8,21,295,19,36,NA,Alive
260002,38,Oak,Healthy,4.9,26,Yes,No,C,basalt,104,NA,7,136,5,15,NA,Alive
260003,39,Birch,Healthy,3.6,26,Yes,No,C,basalt,184,7,22,311,19,38,NA,Alive
260004,56,Birch,Healthy,4.1,26,Yes,No,C,basalt,198,7,21,246,13,38,NA,Alive
260005,52,Birch,Healthy,3.5,26,Yes,No,C,basalt,174,4,13,259,14,31,NA,Alive
260006,42,Birch,Healthy,3.1,26,Yes,No,C,basalt,195,7,28,210,8,33,NA,Alive
260007,46,Birch,Healthy,3.6,26,Yes,No,C,basalt,200,6,21,302,16,38,NA,Alive
260008,44,Birch,Healthy,4.9,26,Yes,No,C,basalt,100,NA,4,118,NA,11,NA,Alive
260009,65.5,Alder,Healthy,8,26,Yes,No,C,basalt,150,5,25,250,18,50,NA,Alive
260010,51,Oak,Healthy,10.6,26,Yes,No,C,basalt,84,NA,9,128,NA,22,NA,Alive
260011,81.5,Alder,Healthy,7,26,Yes,No,C,basalt,177,10,28,281,21,51,NA,Alive
260012,14,Birch,Healthy,2.4,26,Yes,No,C,basalt,86,NA,87,136,2,12,NA,Alive
260013,82,Birch,Healthy,4,26,Yes,No,C,basalt,190,6,26,288,17,41,NA,Alive
260014,65,Birch,Healthy,3.8,26,Yes,No,C,basalt,218,9,25,244,9,29,NA,Alive
260015,41,Birch,Healthy,3.2,26,Yes,No,C,basalt,193,6,16,297,12,27,NA,Alive
260016,67,Alder,Healthy,6.8,26,Yes,No,C,basalt,68,NA,4,70,NA,8,NA,Alive
260017,80,Alder,Vigorous,8.1,26,Yes,No,C,basalt,165,6,23,276,24,51,NA,Alive
260018,67.5,Alder,Healthy,6,26,Yes,No,C,basalt,149,5,22,234,16,41,NA,Alive
260019,43,Alder,Healthy,4.5,26,Yes,No,C,basalt,115,NA,19,192,11,46,NA,Alive
260020,33,Alder,Healthy,4,26,Yes,No,C,basalt,123,NA,18,186,8,32,NA,Alive
260021,58,Alder,Healthy,7,26,Yes,No,C,basalt,138,6,20,228,13,32,NA,Alive
260022,70,Alder,Healthy,6.3,26,Yes,No,C,basalt,147,2,22,219,20,43,NA,Alive
260023,39,Oak,Healthy,3.9,26,Yes,No,C,basalt,92,NA,7,141,4,16,NA,Alive
260024,62,Oak,Healthy,5.2,26,Yes,No,C,basalt,106,NA,11,146,6,21,NA,Alive
260025,37,Birch,Healthy,4.4,26,Yes,No,C,basalt,116,NA,10,155,2,12,NA,Alive
260026,48,Birch,Healthy,3.4,26,Yes,No,C,basalt,179,2,23,302,19,46,NA,Alive
260027,47,Oak,Healthy,4.9,26,Yes,No,C,basalt,110,NA,8,121,NA,12,NA,Alive
260028,36,Birch,Healthy,2.7,26,Yes,No,C,basalt,167,3,11,241,6,18,NA,Alive
260029,117,Rowan,Healthy,12,26,Yes,No,C,basalt,172,8,15,223,11,29,NA,Alive
260030,66,Oak,Healthy,6,26,Yes,No,C,basalt,103,NA,10,143,3,16,NA,Alive
260032,76,Birch,Healthy,4.3,26,Yes,No,C,basalt,244,12,29,337,24,39,NA,Alive
260033,17,Birch,Healthy,2.5,26,Yes,No,C,basalt,28,NA,8,136,4,15,NA,Alive
260034,25,Birch,Healthy,2.8,26,Yes,No,C,basalt,176,4,14,222,9,27,NA,Alive
260035,49,Birch,Healthy,4,26,Yes,No,C,basalt,200,6,20,261,12,30,NA,Alive
260036,46,Birch,Healthy,3.1,26,Yes,No,C,basalt,186,7,25,266,16,45,NA,Alive
260037,47,Birch,Healthy,3.5,26,Yes,No,C,basalt,170,4,18,255,12,41,NA,Alive
260038,48,Birch,Healthy,3.7,26,Yes,No,C,basalt,163,2,14,244,9,34,NA,Alive
260039,67,Birch,Healthy,4.2,26,Yes,No,C,basalt,179,7,26,284,22,43,NA,Alive
260040,60,Oak,Healthy,9.5,26,Yes,No,C,basalt,100,NA,8,100,NA,12,NA,Alive
260041,46,Birch,Healthy,4,26,Yes,No,C,basalt,192,7,28,270,13,38,NA,Alive
260042,44.5,Alder,Healthy,5,26,Yes,No,C,basalt,129,NA,21,233,12,39,NA,Alive
260043,27,Birch,Healthy,2.9,26,Yes,No,C,basalt,117,NA,17,215,8,29,NA,Alive
260044,69.5,Alder,Healthy,6,26,Yes,No,C,basalt,165,7,30,269,21,54,NA,Alive
260045,63,Alder,Healthy,6.7,26,Yes,No,C,basalt,157,7,27,266,20,52,NA,Alive
260046,49,Oak,Healthy,4.4,26,Yes,No,C,basalt,100,NA,10,133,5,20,NA,Alive
260047,32,Birch,Healthy,3.3,26,Yes,No,C,basalt,185,6,15,284,13,32,NA,Alive
260048,24,Birch,Healthy,2.7,26,Yes,No,C,basalt,144,3,14,202,8,26,NA,Alive
260049,29,Birch,Healthy,2.5,26,Yes,No,C,basalt,125,NA,16,186,6,23,NA,Alive
260050,48,Birch,Healthy,3.2,26,Yes,No,C,basalt,197,5,19,236,9,27,NA,Alive
260051,33.5,Alder,Healthy,0.6,26,Yes,No,C,basalt,120,NA,17,184,10,30,NA,Alive
260053,72,Cherry,Healthy,8,26,Yes,No,C,basalt,82,NA,10,83,NA,10,NA,Alive
260055,47,Alder,Healthy,6.7,26,Yes,No,C,basalt,147,4,20,258,20,55,NA,Alive
260056,62,Alder,Healthy,5.9,26,Yes,No,C,basalt,174,5,30,261,19,57,NA,Alive
260057,128.5,Rowan,Vigorous,9.4,26,Yes,No,C,basalt,219,10,20,283,14,29,NA,Alive
260058,43,Birch,Healthy,2.8,26,Yes,No,C,basalt,167,5,12,247,8,21,NA,Alive
260059,65,Alder,Healthy,8.8,26,Yes,No,C,basalt,152,7,21,204,19,40,NA,Alive
260060,26,Alder,Healthy,3.8,26,Yes,No,C,basalt,112,NA,16,219,13,36,NA,Alive
260061,34.5,Alder,Healthy,5,26,Yes,No,C,basalt,115,NA,16,174,7,37,NA,Alive
260062,37,Birch,Healthy,0.5,26,Yes,No,C,basalt,125,NA,10,228,8,19,NA,Alive
260063,56,Cherry,Healthy,6.5,26,Yes,No,C,basalt,117,NA,13,124,NA,19,NA,Alive
260065,49,Aspen,Healthy,3.5,26,Yes,No,C,basalt,115,NA,6,154,3,14,NA,Alive
260066,41,Alder,Healthy,6.8,26,Yes,No,C,basalt,103,NA,15,182,11,38,NA,Alive
260067,54,Aspen,Healthy,4.9,26,Yes,No,C,basalt,90,NA,10,121,NA,12,NA,Alive
260068,55,Alder,Healthy,7.7,26,Yes,No,C,basalt,129,NA,19,208,13,39,NA,Alive
260069,39,Birch,Healthy,3.1,26,Yes,No,C,basalt,147,4,20,170,4,23,NA,Alive
260070,27,Alder,Healthy,3.5,26,Yes,No,C,basalt,105,NA,13,173,9,29,NA,Alive
260072,32,Alder,Healthy,3,26,Yes,No,C,basalt,93,NA,12,213,12,26,NA,Alive
260073,101,Rowan,Healthy,7,26,Yes,No,C,basalt,171,8,16,257,12,25,NA,Alive
260074,46,Oak,Healthy,4.1,26,Yes,No,C,basalt,92,NA,11,157,5,21,NA,Alive
260075,72,Alder,Healthy,6.6,26,Yes,No,C,basalt,179,10,47,306,28,54,NA,Alive
260077,117,Rowan,Vigorous,10.5,26,Yes,No,C,basalt,181,12,21,252,13,33,NA,Alive
260078,66,Aspen,Healthy,5,26,Yes,No,C,basalt,126,NA,11,161,3,19,NA,Alive
260079,80,Cherry,Healthy,6.9,26,Yes,No,C,basalt,217,5,20,223,12,31,NA,Alive
260080,66,Birch,Healthy,5.2,26,Yes,No,C,basalt,214,10,32,243,12,37,NA,Alive
260081,48,Oak,Healthy,6.5,26,Yes,No,C,basalt,100,NA,10,132,4,20,NA,Alive
260082,117.5,Rowan,Healthy,10,26,Yes,No,C,basalt,207,11,17,265,15,24,NA,Alive
260083,49,Cherry,Healthy,4.5,26,Yes,No,C,basalt,100,NA,10,101,NA,12,NA,Alive
260084,123.5,Rowan,Vigorous,10.5,26,Yes,No,C,basalt,210,8,18,267,13,24,NA,Alive
260085,64,Cherry,Healthy,5,26,Yes,No,C,basalt,82,NA,10,94,NA,15,NA,Alive
260086,36,Alder,Healthy,4.5,26,Yes,No,C,basalt,118,NA,17,199,10,36,NA,Alive
260087,45.5,Birch,Healthy,3.6,26,Yes,No,C,basalt,91,NA,7,135,2,15,NA,Alive
260088,54,Aspen,Healthy,4.4,26,Yes,No,C,basalt,118,NA,8,140,2,13,NA,Alive
260089,70,Alder,Healthy,8,26,Yes,No,C,basalt,162,9,29,269,24,57,NA,Alive
260090,73.5,Cherry,Healthy,7,26,Yes,No,C,basalt,118,NA,12,131,2,15,NA,Alive
260091,59,Aspen,Healthy,6.2,26,Yes,No,C,basalt,138,2,12,189,5,21,NA,Alive
260093,46.5,Birch,Healthy,3.9,26,Yes,No,C,basalt,161,5,13,198,10,22,NA,Alive
260094,NA,Aspen,Healthy,4.3,26,Yes,No,C,basalt,111,NA,7,144,3,12,NA,Alive
260095,43,Oak,Healthy,6.6,26,Yes,No,C,basalt,96,NA,12,110,NA,14,NA,Alive
260096,56,Oak,Healthy,8.8,26,Yes,No,C,basalt,109,NA,11,104,NA,30,NA,Alive
260097,43,Aspen,Healthy,3.7,26,Yes,No,C,basalt,106,NA,7,137,2,13,NA,Alive
260098,57,Aspen,Healthy,3.2,26,Yes,No,C,basalt,146,3,16,171,4,20,NA,Alive
260099,63,Cherry,Healthy,5,26,Yes,No,C,basalt,104,NA,11,131,1,17,NA,Alive
260100,77,Aspen,Vigorous,6.7,26,Yes,No,C,basalt,197,6,12,235,11,24,NA,Alive
280001,28,Aspen,Healthy,5.7,28,No,No,D,control,135,3,11,164,11,16,NA,Alive
280002,104,Aspen,Healthy,8.1,28,No,No,D,control,187,9,19,216,9,25,NA,Alive
280003,147.5,Rowan,Healthy,10.4,28,No,No,D,control,203,8,17,250,11,20,NA,Alive
280004,160,Rowan,Healthy,15.6,28,No,No,D,control,200,10,24,229,11,27,NA,Alive
280005,79,Cherry,Healthy,8.5,28,No,No,D,control,130,4,15,140,3,17,NA,Alive
280007,87,Cherry,Healthy,9.4,28,No,No,D,control,181,8,17,175,10,20,NA,Alive
280008,75,Cherry,Healthy,8.3,28,No,No,D,control,157,3,19,171,8,25,NA,Alive
280009,75,Cherry,Healthy,9.1,28,No,No,D,control,123,NA,14,120,NA,11,NA,Alive
280010,82.5,Cherry,Healthy,9.1,28,No,No,D,control,153,5,15,166,7,20,NA,Alive
280011,71.5,Cherry,Healthy,6.3,28,No,No,D,control,104,NA,13,101,NA,13,NA,Alive
280012,63,Cherry,Healthy,4.1,28,No,No,D,control,108,NA,12,109,NA,14,NA,Alive
280013,81.5,Cherry,Healthy,6.3,28,No,No,D,control,139,4,14,143,6,17,NA,Alive
280014,77.5,Cherry,Healthy,7.6,28,No,No,D,control,134,6,22,140,5,18,NA,Alive
280015,83,Cherry,Healthy,6.3,28,No,No,D,control,162,6,16,179,7,21,NA,Alive
280016,71.5,Cherry,Healthy,6.3,28,No,No,D,control,141,5,18,154,7,21,NA,Alive
280017,157.5,Rowan,Healthy,9.5,28,No,No,D,control,212,10,22,231,15,30,NA,Alive
280018,161,Rowan,Healthy,10.2,28,No,No,D,control,274,14,24,313,21,31,NA,Alive
280019,36,Oak,Healthy,4.1,28,No,No,D,control,132,3,12,140,4,14,NA,Alive
280020,84.5,Oak,Healthy,10.2,28,No,No,D,control,136,3,19,150,5,24,NA,Alive
280021,48,Oak,Healthy,15.1,28,No,No,D,control,53,NA,19,81,NA,25,NA,Alive
280022,47,Oak,Healthy,7.5,28,No,No,D,control,105,NA,11,130,3,16,NA,Alive
280023,98,Birch,Healthy,7.8,28,No,No,D,control,174,6,25,229,11,34,NA,Alive
280024,80,Birch,Healthy,6.7,28,No,No,D,control,145,4,17,199,6,20,NA,Alive
280025,80,Cherry,Healthy,8.2,28,No,No,D,control,147,6,21,163,7,26,NA,Alive
280026,65,Cherry,Healthy,7.9,28,No,No,D,control,86,NA,10,99,NA,11,NA,Alive
280030,63,Cherry,Healthy,7.9,28,No,No,D,control,107,NA,14,116,NA,14,NA,Alive
280033,97,Birch,Healthy,6.6,28,No,No,D,control,189,6,18,232,13,31,NA,Alive
280034,97.5,Birch,Healthy,9.1,28,No,No,D,control,191,6,19,259,15,35,NA,Alive
280036,97,Birch,Healthy,8.6,28,No,No,D,control,183,8,25,245,18,40,NA,Alive
280037,109.5,Birch,Healthy,9.5,28,No,No,D,control,199,7,24,265,16,42,NA,Alive
280038,95,Birch,Healthy,7.9,28,No,No,D,control,201,7,26,302,20,41,NA,Alive
280040,47.5,Oak,Healthy,8.1,28,No,No,D,control,128,NA,13,119,NA,20,NA,Alive
280041,71,Birch,Healthy,4.1,28,No,No,D,control,171,6,19,242,15,33,NA,Alive
280042,95,Birch,Healthy,5.6,28,No,No,D,control,190,7,19,213,10,24,NA,Alive
280043,41,Oak,Healthy,7.3,28,No,No,D,control,80,NA,11,95,NA,13,NA,Alive
280045,32,Birch,Healthy,4.1,28,No,No,D,control,157,6,13,149,10,24,NA,Alive
280047,114,Alder,Healthy,13.4,28,No,No,D,control,164,8,29,214,14,35,NA,Alive
280048,101,Alder,Healthy,10,28,No,No,D,control,188,11,23,206,14,35,NA,Alive
280050,55,Oak,Healthy,16.3,28,No,No,D,control,146,4,25,135,5,33,NA,Alive
280051,72,Birch,Healthy,8.5,28,No,No,D,control,256,11,24,288,14,30,NA,Alive
280052,100,Birch,Healthy,4.1,28,No,No,D,control,208,10,18,215,10,35,NA,Alive
280053,113.5,Birch,Healthy,4.1,28,No,No,D,control,247,11,19,273,13,25,NA,Alive
280054,91,Birch,Healthy,7,28,No,No,D,control,175,5,26,263,10,40,NA,Alive
280055,56.5,Oak,Healthy,7.7,28,No,No,D,control,70,NA,11,63,NA,14,NA,Alive
280056,85,Birch,Healthy,6.2,28,No,No,D,control,172,5,17,229,10,27,NA,Alive
280057,83.5,Birch,Healthy,8.1,28,No,No,D,control,159,4,19,220,9,29,NA,Alive
280058,47,Oak,Healthy,11.1,28,No,No,D,control,73,NA,14,97,NA,17,NA,Alive
280059,71.5,Birch,Healthy,7.4,28,No,No,D,control,154,4,18,219,10,30,NA,Alive
280060,56,Birch,Healthy,5.7,28,No,No,D,control,144,4,15,200,8,26,NA,Alive
280061,70,Alder,Healthy,7.6,28,No,No,D,control,109,NA,17,127,NA,20,NA,Alive
280062,70,Alder,Healthy,7.1,28,No,No,D,control,121,NA,18,200,14,33,NA,Alive
280063,77,Aspen,Healthy,10.7,28,No,No,D,control,112,NA,16,116,NA,16,NA,Alive
280065,83,Birch,Healthy,7,28,No,No,D,control,209,10,22,213,11,33,NA,Alive
280067,64,Alder,Healthy,7.2,28,No,No,D,control,165,6,16,210,13,35,NA,Alive
280068,50,Alder,Healthy,6.6,28,No,No,D,control,110,NA,9,127,NA,22,NA,Alive
280069,96.5,Birch,Healthy,6.8,28,No,No,D,control,217,9,16,251,12,27,NA,Alive
280070,110.5,Birch,Healthy,8.7,28,No,No,D,control,233,15,23,292,20,41,NA,Alive
280071,94.5,Birch,Healthy,7.3,28,No,No,D,control,219,10,23,224,13,32,NA,Alive
280072,104.5,Birch,Healthy,8.1,28,No,No,D,control,237,11,17,215,9,23,NA,Alive
280073,90,Birch,Healthy,6.7,28,No,No,D,control,231,10,20,256,13,26,NA,Alive
280074,94,Birch,Healthy,7.5,28,No,No,D,control,230,13,19,250,12,31,NA,Alive
280075,60.5,Oak,Healthy,6.2,28,No,No,D,control,82,NA,11,108,NA,21,NA,Alive
280076,98,Birch,Healthy,6.3,28,No,No,D,control,200,8,26,299,15,38,NA,Alive
280077,89.5,Alder,Healthy,11.8,28,No,No,D,control,148,4,22,207,13,37,NA,Alive
280078,77.5,Alder,Healthy,9.5,28,No,No,D,control,118,NA,19,191,10,32,NA,Alive
280079,118,Birch,Healthy,8.8,28,No,No,D,control,238,10,20,307,15,32,NA,Alive
280080,105,Birch,Healthy,9.2,28,No,No,D,control,198,8,27,279,18,38,NA,Alive
280081,92,Birch,Healthy,7.2,28,No,No,D,control,180,5,18,268,13,26,NA,Alive
280082,67.5,Birch,Healthy,6.2,28,No,No,D,control,163,4,17,189,5,23,NA,Alive
280083,92,Birch,Healthy,7.9,28,No,No,D,control,168,4,19,256,15,31,NA,Alive
280084,79,Birch,Healthy,6.2,28,No,No,D,control,164,4,17,210,8,24,NA,Alive
280085,88,Birch,Healthy,7.4,28,No,No,D,control,163,6,29,211,10,28,NA,Alive
280086,99,Birch,Healthy,7.8,28,No,No,D,control,198,6,20,259,11,26,NA,Alive
280087,86.5,Birch,Healthy,6.3,28,No,No,D,control,179,7,20,264,12,33,NA,Alive
280088,39,Oak,Healthy,7.3,28,No,No,D,control,101,NA,10,111,NA,12,NA,Alive
280090,73,Alder,Healthy,7.8,28,No,No,D,control,105,NA,16,154,6,30,NA,Alive
280091,70,Alder,Healthy,5,28,No,No,D,control,110,NA,20,142,5,34,NA,Alive
280092,67,Birch,Healthy,4.1,28,No,No,D,control,135,NA,15,187,7,22,NA,Alive
280093,91.5,Birch,Healthy,6.3,28,No,No,D,control,216,9,30,288,17,40,NA,Alive
280094,95,Birch,Healthy,5.3,28,No,No,D,control,199,9,22,294,14,33,NA,Alive
280096,107,Alder,Healthy,12.5,28,No,No,D,control,187,10,36,290,24,51,NA,Alive
280097,72,Alder,Healthy,8.2,28,No,No,D,control,140,4,19,219,13,37,NA,Alive
280098,96.5,Birch,Healthy,9.9,28,No,No,D,control,183,7,19,202,13,24,NA,Alive
280099,81.5,Birch,Healthy,8.7,28,No,No,D,control,136,2,15,158,4,20,NA,Alive
280100,60.5,Alder,Healthy,6.4,28,No,No,D,control,110,NA,18,160,8,25,NA,Alive
310001,127.5,Birch,Healthy,9.7,31,Yes,Yes,D,basalt+microbiome,212,14,36,338,30,55,NA,Alive
310002,134.5,Birch,Healthy,12.2,31,Yes,Yes,D,basalt+microbiome,265,18,43,416,33,64,NA,Alive
310004,81.5,Alder,Healthy,10.5,31,Yes,Yes,D,basalt+microbiome,156,6,27,277,23,51,NA,Alive
310005,140,Rowan,Healthy,14.4,31,Yes,Yes,D,basalt+microbiome,189,9,28,187,13,30,NA,Alive
310006,95.5,Alder,Healthy,9.9,31,Yes,Yes,D,basalt+microbiome,173,7,23,339,24,45,NA,Alive
310008,73,Cherry,Healthy,9.8,31,Yes,Yes,D,basalt+microbiome,114,NA,11,119,NA,15,NA,Alive
310009,89,Cherry,Healthy,13.8,31,Yes,Yes,D,basalt+microbiome,139,3,16,182,10,22,NA,Alive
310010,90,Alder,Healthy,10.8,31,Yes,Yes,D,basalt+microbiome,151,5,29,273,24,45,NA,Alive
310011,95.5,Cherry,Healthy,14.1,31,Yes,Yes,D,basalt+microbiome,190,11,28,226,21,37,NA,Alive
310012,66,Cherry,Healthy,6.8,31,Yes,Yes,D,basalt+microbiome,105,NA,17,122,NA,18,NA,Alive
310014,82.5,Cherry,Healthy,9.9,31,Yes,Yes,D,basalt+microbiome,139,5,19,140,11,18,NA,Alive
310015,72.5,Alder,Healthy,8.8,31,Yes,Yes,D,basalt+microbiome,146,6,21,238,16,41,NA,Alive
310016,72,Alder,Healthy,9.2,31,Yes,Yes,D,basalt+microbiome,140,4,22,239,17,41,NA,Alive
310017,117,Rowan,Healthy,12.4,31,Yes,Yes,D,basalt+microbiome,232,11,26,278,16,36,NA,Alive
310018,75,Aspen,Healthy,8.5,31,Yes,Yes,D,basalt+microbiome,154,6,23,251,19,41,NA,Alive
310019,81,Aspen,Healthy,11,31,Yes,Yes,D,basalt+microbiome,169,7,29,310,27,53,NA,Alive
310021,90,Aspen,Healthy,10.2,31,Yes,Yes,D,basalt+microbiome,183,9,34,308,19,60,NA,Alive
310022,88,Cherry,Healthy,8.5,31,Yes,Yes,D,basalt+microbiome,171,5,32,200,12,47,NA,Alive
310024,95,Alder,Healthy,6.3,31,Yes,Yes,D,basalt+microbiome,160,6,25,243,16,39,NA,Alive
310025,51,Oak,Healthy,11,31,Yes,Yes,D,basalt+microbiome,95,NA,16,109,NA,21,NA,Alive
310026,60,Oak,Healthy,13.8,31,Yes,Yes,D,basalt+microbiome,63,NA,14,78,NA,20,NA,Alive
310027,85,Oak,Healthy,10.6,31,Yes,Yes,D,basalt+microbiome,113,NA,12,146,4,20,NA,Alive
310029,76,Cherry,Healthy,8.6,31,Yes,Yes,D,basalt+microbiome,145,5,22,161,10,28,NA,Alive
310030,79,Cherry,Healthy,8.7,31,Yes,Yes,D,basalt+microbiome,205,9,22,232,16,32,NA,Alive
310031,79,Cherry,Healthy,11,31,Yes,Yes,D,basalt+microbiome,186,8,24,209,15,35,NA,Alive
310032,79,Oak,Healthy,10.4,31,Yes,Yes,D,basalt+microbiome,114,NA,20,136,5,30,NA,Alive
310033,40,Oak,Healthy,4.6,31,Yes,Yes,D,basalt+microbiome,78,NA,7,90,NA,11,NA,Alive
310034,76,Oak,Healthy,11.1,31,Yes,Yes,D,basalt+microbiome,141,4,14,132,2,11,NA,Alive
310035,72,Oak,Healthy,8.2,31,Yes,Yes,D,basalt+microbiome,78,NA,11,96,NA,10,NA,Alive
310036,91,Birch,Healthy,6.5,31,Yes,Yes,D,basalt+microbiome,200,8,23,290,11,30,NA,Alive
310037,87,Cherry,Healthy,12.7,31,Yes,Yes,D,basalt+microbiome,179,6,29,207,10,30,NA,Alive
310038,58,Alder,Healthy,8.4,31,Yes,Yes,D,basalt+microbiome,134,4,22,244,20,40,NA,Alive
310039,125.5,Birch,Healthy,11,31,Yes,Yes,D,basalt+microbiome,230,10,37,350,21,41,NA,Alive
310040,83,Oak,Healthy,7.2,31,Yes,Yes,D,basalt+microbiome,118,NA,13,126,NA,11,NA,Alive
310041,53,Oak,Healthy,5.1,31,Yes,Yes,D,basalt+microbiome,121,NA,10,140,3,13,NA,Alive
310042,24,Alder,Healthy,5,31,Yes,Yes,D,basalt+microbiome,99,NA,13,228,11,21,NA,Alive
310043,84.5,Cherry,Healthy,7.8,31,Yes,Yes,D,basalt+microbiome,151,6,25,204,12,45,NA,Alive
310044,64.5,Cherry,Healthy,5,31,Yes,Yes,D,basalt+microbiome,119,NA,18,132,5,27,NA,Alive
310045,93,Cherry,Healthy,11.7,31,Yes,Yes,D,basalt+microbiome,183,9,29,202,16,48,NA,Alive
310046,110,Birch,Healthy,16.9,31,Yes,Yes,D,basalt+microbiome,223,13,32,354,26,44,NA,Alive
310048,100,Cherry,Healthy,15,31,Yes,Yes,D,basalt+microbiome,222,11,42,258,22,42,NA,Alive
310050,41.5,Birch,Healthy,3.7,31,Yes,Yes,D,basalt+microbiome,125,NA,15,223,8,22,NA,Alive
310051,57,Alder,Healthy,4.1,31,Yes,Yes,D,basalt+microbiome,105,NA,16,181,11,31,NA,Alive
310052,119.5,Birch,Healthy,10.4,31,Yes,Yes,D,basalt+microbiome,225,11,32,339,27,51,NA,Alive
310053,150.5,Rowan,Healthy,11.4,31,Yes,Yes,D,basalt+microbiome,257,15,28,308,23,56,NA,Alive
310054,104.5,Birch,Healthy,8.1,31,Yes,Yes,D,basalt+microbiome,218,11,30,341,20,51,NA,Alive
310055,71.5,Birch,Healthy,5.5,31,Yes,Yes,D,basalt+microbiome,168,5,21,210,13,26,NA,Alive
310056,78.5,Alder,Healthy,8.7,31,Yes,Yes,D,basalt+microbiome,158,5,23,270,21,47,NA,Alive
310057,26,Alder,Healthy,4.1,31,Yes,Yes,D,basalt+microbiome,98,NA,15,221,13,28,NA,Alive
310058,71,Alder,Healthy,6.8,31,Yes,Yes,D,basalt+microbiome,130,NA,16,233,15,34,NA,Alive
310059,39,Alder,Healthy,5.9,31,Yes,Yes,D,basalt+microbiome,100,NA,15,202,12,31,NA,Alive
310060,90,Alder,Healthy,9.4,31,Yes,Yes,D,basalt+microbiome,159,7,27,296,25,52,NA,Alive
310061,73,Alder,Healthy,8,31,Yes,Yes,D,basalt+microbiome,133,5,17,214,15,37,NA,Alive
310062,39,Alder,Healthy,5.5,31,Yes,Yes,D,basalt+microbiome,111,NA,15,192,12,34,NA,Alive
310063,62,Cherry,Healthy,7.1,31,Yes,Yes,D,basalt+microbiome,140,5,22,148,7,40,NA,Alive
310064,111,Birch,Healthy,11.3,31,Yes,Yes,D,basalt+microbiome,200,11,33,287,21,52,NA,Alive
310065,85,Alder,Healthy,10,31,Yes,Yes,D,basalt+microbiome,153,5,22,260,21,48,NA,Alive
310066,83,Alder,Healthy,13.4,31,Yes,Yes,D,basalt+microbiome,162,6,28,282,26,51,NA,Alive
310067,97,Birch,Healthy,7.8,31,Yes,Yes,D,basalt+microbiome,187,8,28,277,19,37,NA,Alive
310068,91,Alder,Healthy,8.5,31,Yes,Yes,D,basalt+microbiome,180,10,27,309,28,47,NA,Alive
310069,115,Alder,Healthy,13.9,31,Yes,Yes,D,basalt+microbiome,204,13,37,319,32,68,NA,Alive
310070,110,Alder,Healthy,12.4,31,Yes,Yes,D,basalt+microbiome,191,11,30,323,29,49,NA,Alive
310071,94,Alder,Healthy,14.1,31,Yes,Yes,D,basalt+microbiome,194,8,33,307,27,59,NA,Alive
310072,50,Alder,Healthy,5.6,31,Yes,Yes,D,basalt+microbiome,117,NA,17,211,17,38,NA,Alive
310073,95,Birch,Healthy,7.8,31,Yes,Yes,D,basalt+microbiome,244,14,28,380,23,44,NA,Alive
310074,108,Birch,Healthy,10.9,31,Yes,Yes,D,basalt+microbiome,240,13,37,373,30,50,NA,Alive
310075,82,Alder,Healthy,10.6,31,Yes,Yes,D,basalt+microbiome,169,8,24,315,20,51,NA,Alive
310076,68,Alder,Healthy,8.3,31,Yes,Yes,D,basalt+microbiome,152,6,30,274,20,41,NA,Alive
310077,89,Birch,Healthy,8,31,Yes,Yes,D,basalt+microbiome,175,4,28,291,11,40,NA,Alive
310078,89,Alder,Healthy,9.9,31,Yes,Yes,D,basalt+microbiome,152,4,23,245,11,41,NA,Alive
310079,87,Birch,Healthy,9,31,Yes,Yes,D,basalt+microbiome,173,6,23,244,10,30,NA,Alive
310080,123,Birch,Healthy,10.5,31,Yes,Yes,D,basalt+microbiome,126,10,28,336,11,40,NA,Alive
310081,67,Alder,Healthy,8.1,31,Yes,Yes,D,basalt+microbiome,123,NA,21,232,11,30,NA,Alive
310082,90,Birch,Healthy,7.3,31,Yes,Yes,D,basalt+microbiome,188,6,22,313,21,34,NA,Alive
310083,105,Birch,Healthy,11.5,31,Yes,Yes,D,basalt+microbiome,188,7,26,259,18,31,NA,Alive
310084,85,Birch,Healthy,6.8,31,Yes,Yes,D,basalt+microbiome,193,7,27,302,18,33,NA,Alive
310085,101,Birch,Healthy,9.5,31,Yes,Yes,D,basalt+microbiome,189,8,31,270,20,49,NA,Alive
310086,109,Birch,Healthy,8.7,31,Yes,Yes,D,basalt+microbiome,200,9,25,228,13,27,NA,Alive
310087,93.5,Birch,Healthy,7.3,31,Yes,Yes,D,basalt+microbiome,191,8,23,257,15,34,NA,Alive
310088,142,Birch,Healthy,11.3,31,Yes,Yes,D,basalt+microbiome,250,10,28,275,15,32,NA,Alive
310089,126,Birch,Healthy,11.1,31,Yes,Yes,D,basalt+microbiome,240,14,38,357,32,52,NA,Alive
310090,56,Oak,Healthy,11.5,31,Yes,Yes,D,basalt+microbiome,127,NA,17,124,NA,16,NA,Alive
310091,115,Birch,Healthy,11,31,Yes,Yes,D,basalt+microbiome,220,9,29,347,20,38,NA,Alive
310092,119.5,Birch,Healthy,10.3,31,Yes,Yes,D,basalt+microbiome,184,6,28,239,12,27,NA,Alive
310093,106,Birch,Healthy,9,31,Yes,Yes,D,basalt+microbiome,208,11,27,311,20,34,NA,Alive
310094,90,Birch,Healthy,8.6,31,Yes,Yes,D,basalt+microbiome,207,10,31,333,21,47,NA,Alive
310095,107,Birch,Healthy,9.6,31,Yes,Yes,D,basalt+microbiome,200,8,30,325,20,38,NA,Alive
310096,105,Birch,Healthy,9.6,31,Yes,Yes,D,basalt+microbiome,201,8,29,297,19,41,NA,Alive
310097,82,Birch,Healthy,6.6,31,Yes,Yes,D,basalt+microbiome,165,4,21,254,12,31,NA,Alive
310098,156.5,Rowan,Healthy,14.4,31,Yes,Yes,D,basalt+microbiome,224,15,31,273,23,40,NA,Alive
310099,54,Alder,Healthy,6.1,31,Yes,Yes,D,basalt+microbiome,156,5,23,280,29,48,NA,Alive
310100,73,Alder,Healthy,10.3,31,Yes,Yes,D,basalt+microbiome,138,5,21,240,18,43,NA,Alive
330001,63.5,Oak,Healthy,13.3,33,No,Yes,D,microbiome,78,NA,12,122,NA,18,NA,Alive
330002,106,Birch,Healthy,8.3,33,No,Yes,D,microbiome,234,12,29,389,24,45,NA,Alive
330003,118,Birch,Healthy,9.4,33,No,Yes,D,microbiome,210,9,29,330,23,50,NA,Alive
330004,111.5,Birch,Healthy,8.9,33,No,Yes,D,microbiome,210,9,26,309,18,41,NA,Alive
330005,99,Oak,Healthy,8.3,33,No,Yes,D,microbiome,108,NA,12,136,3,22,NA,Alive
330006,98,Birch,Healthy,9.2,33,No,Yes,D,microbiome,195,7,23,283,20,39,NA,Alive
330007,113,Birch,Healthy,9.3,33,No,Yes,D,microbiome,188,10,28,351,25,50,NA,Alive
330008,111,Birch,Healthy,12.8,33,No,Yes,D,microbiome,203,9,24,347,24,41,NA,Alive
330009,128,Rowan,Healthy,12.1,33,No,Yes,D,microbiome,212,7,21,262,13,27,NA,Alive
330011,81,Alder,Healthy,10.7,33,No,Yes,D,microbiome,166,12,36,288,23,53,NA,Alive
330012,81,Aspen,Healthy,4.7,33,No,Yes,D,microbiome,146,8,16,220,11,20,NA,Alive
330013,84.5,Alder,Healthy,7.6,33,No,Yes,D,microbiome,162,12,25,272,17,40,NA,Alive
330014,105,Alder,Healthy,15.3,33,No,Yes,D,microbiome,190,16,40,310,28,63,NA,Alive
330015,66,Oak,Healthy,8.6,33,No,Yes,D,microbiome,67,NA,21,127,NA,23,NA,Alive
330016,69,Alder,Healthy,7.4,33,No,Yes,D,microbiome,155,11,24,261,21,46,NA,Alive
330017,81.5,Alder,Healthy,11,33,No,Yes,D,microbiome,167,13,30,283,21,46,NA,Alive
330018,64.5,Alder,Healthy,8.3,33,No,Yes,D,microbiome,117,NA,25,219,14,35,NA,Alive
330019,92.5,Alder,Healthy,11.5,33,No,Yes,D,microbiome,168,13,35,313,31,69,NA,Alive
330020,106,Alder,Healthy,13.3,33,No,Yes,D,microbiome,213,18,38,353,30,50,NA,Alive
330021,74,Alder,Healthy,9.8,33,No,Yes,D,microbiome,163,7,25,281,24,51,NA,Alive
330022,113,Alder,Healthy,14,33,No,Yes,D,microbiome,210,10,39,359,30,60,NA,Alive
330023,84.5,Alder,Healthy,10.2,33,No,Yes,D,microbiome,212,18,37,363,33,67,NA,Alive
330024,84,Alder,Healthy,11.4,33,No,Yes,D,microbiome,136,8,25,282,22,47,NA,Alive
330025,80,Cherry,Healthy,8.9,33,No,Yes,D,microbiome,178,7,26,218,13,39,NA,Alive
330026,36,Alder,Healthy,5.2,33,No,Yes,D,microbiome,96,NA,14,185,11,27,NA,Alive
330028,94,Alder,Healthy,11.9,33,No,Yes,D,microbiome,187,11,30,320,27,50,NA,Alive
330029,73,Alder,Healthy,8.2,33,No,Yes,D,microbiome,159,5,24,272,20,41,NA,Alive
330030,93,Alder,Healthy,10.5,33,No,Yes,D,microbiome,143,5,22,227,16,35,NA,Alive
330031,94,Birch,Healthy,8.8,33,No,Yes,D,microbiome,183,7,24,283,16,27,NA,Alive
330032,106,Birch,Healthy,13.4,33,No,Yes,D,microbiome,209,9,26,310,20,40,NA,Alive
330033,105,Birch,Healthy,9.3,33,No,Yes,D,microbiome,204,9,35,390,26,52,NA,Alive
330034,130,Birch,Healthy,12.7,33,No,Yes,D,microbiome,249,12,28,396,23,42,NA,Alive
330035,183,Birch,Healthy,9.5,33,No,Yes,D,microbiome,261,13,30,382,22,46,NA,Alive
330036,80,Birch,Healthy,8.8,33,No,Yes,D,microbiome,155,4,20,214,7,27,NA,Alive
330037,69,Cherry,Healthy,8.2,33,No,Yes,D,microbiome,189,8,20,207,19,30,NA,Alive
330038,110,Birch,Healthy,9.8,33,No,Yes,D,microbiome,243,8,30,328,11,31,NA,Alive
330039,85,Cherry,Healthy,10.2,33,No,Yes,D,microbiome,195,9,26,238,18,44,NA,Alive
330040,87,Birch,Healthy,8,33,No,Yes,D,microbiome,183,8,25,335,22,41,NA,Alive
330041,88.5,Cherry,Healthy,10,33,No,Yes,D,microbiome,177,6,21,213,11,30,NA,Alive
330042,107,Birch,Healthy,8.6,33,No,Yes,D,microbiome,230,10,29,355,26,51,NA,Alive
330043,40.5,Oak,Healthy,8.7,33,No,Yes,D,microbiome,99,NA,12,112,NA,26,NA,Alive
330044,127,Birch,Healthy,11.1,33,No,Yes,D,microbiome,228,12,35,380,22,51,NA,Alive
330045,95.5,Birch,Healthy,8.8,33,No,Yes,D,microbiome,183,8,30,303,23,47,NA,Alive
330046,67.5,Cherry,Healthy,8,33,No,Yes,D,microbiome,136,5,19,150,5,25,NA,Alive
330047,67,Cherry,Healthy,8.6,33,No,Yes,D,microbiome,137,4,23,146,5,30,NA,Alive
330048,48.5,Oak,Healthy,8.9,33,No,Yes,D,microbiome,127,NA,11,125,NA,16,NA,Alive
330049,27,Alder,Healthy,5,33,No,Yes,D,microbiome,115,NA,22,225,16,32,NA,Alive
330050,77,Cherry,Healthy,9.4,33,No,Yes,D,microbiome,211,10,26,217,13,30,NA,Alive
330051,71.5,Aspen,Healthy,4.3,33,No,Yes,D,microbiome,156,5,11,204,7,21,NA,Alive
330052,40.5,Aspen,Healthy,3.5,33,No,Yes,D,microbiome,92,NA,5,139,4,15,NA,Alive
330053,70,Cherry,Healthy,7.2,33,No,Yes,D,microbiome,153,6,21,173,9,32,NA,Alive
330054,104,Alder,Healthy,12.2,33,No,Yes,D,microbiome,211,13,30,333,30,50,NA,Alive
330055,102,Alder,Healthy,12.6,33,No,Yes,D,microbiome,177,13,24,317,22,45,NA,Alive
330056,93.5,Cherry,Healthy,11.1,33,No,Yes,D,microbiome,203,16,37,239,18,45,NA,Alive
330057,70,Alder,Healthy,8.3,33,No,Yes,D,microbiome,124,NA,30,203,12,44,NA,Alive
330058,81,Cherry,Healthy,9.9,33,No,Yes,D,microbiome,200,14,29,232,14,34,NA,Alive
330059,48,Cherry,Healthy,5.5,33,No,Yes,D,microbiome,73,NA,16,76,NA,12,NA,Alive
330060,85.5,Alder,Healthy,10.5,33,No,Yes,D,microbiome,178,13,34,316,26,51,NA,Alive
330061,115,Aspen,Healthy,7.9,33,No,Yes,D,microbiome,174,5,16,230,12,25,NA,Alive
330062,57,Alder,Healthy,8,33,No,Yes,D,microbiome,130,NA,20,229,16,41,NA,Alive
330063,89.5,Alder,Healthy,12.5,33,No,Yes,D,microbiome,159,5,25,248,20,40,NA,Alive
330064,73,Alder,Healthy,9.4,33,No,Yes,D,microbiome,144,NA,18,242,16,37,NA,Alive
330065,135,Alder,Healthy,7.9,33,No,Yes,D,microbiome,166,6,24,322,28,48,NA,Alive
330066,95,Alder,Healthy,12.4,33,No,Yes,D,microbiome,164,6,28,259,26,49,NA,Alive
330067,90,Alder,Healthy,9.3,33,No,Yes,D,microbiome,155,4,21,252,21,41,NA,Alive
330069,98,Alder,Healthy,14.7,33,No,Yes,D,microbiome,158,5,21,238,20,52,NA,Alive
330070,119.5,Birch,Healthy,10.2,33,No,Yes,D,microbiome,232,13,31,388,24,45,NA,Alive
330071,86.5,Alder,Healthy,10.3,33,No,Yes,D,microbiome,148,5,21,267,20,42,NA,Alive
330072,86,Alder,Healthy,13.3,33,No,Yes,D,microbiome,178,8,28,310,26,57,NA,Alive
330073,43,Oak,Healthy,7.4,33,No,Yes,D,microbiome,89,NA,9,113,NA,17,NA,Alive
330074,88.5,Alder,Healthy,11,33,No,Yes,D,microbiome,189,9,33,317,28,58,NA,Alive
330075,92,Alder,Healthy,13.6,33,No,Yes,D,microbiome,161,7,28,293,26,58,NA,Alive
330076,89.5,Alder,Healthy,12.6,33,No,Yes,D,microbiome,207,10,26,319,26,55,NA,Alive
330077,89,Alder,Healthy,13.1,33,No,Yes,D,microbiome,159,7,26,243,22,60,NA,Alive
330078,86.5,Alder,Healthy,9.5,33,No,Yes,D,microbiome,145,4,24,255,21,44,NA,Alive
330079,112.5,Alder,Healthy,14.1,33,No,Yes,D,microbiome,179,8,30,313,27,55,NA,Alive
330080,78,Alder,Healthy,9.7,33,No,Yes,D,microbiome,138,4,19,217,15,42,NA,Alive
330081,97,Birch,Healthy,8,33,No,Yes,D,microbiome,169,6,21,230,11,22,NA,Alive
330082,180,Rowan,Vigorous,14.9,33,No,Yes,D,microbiome,290,16,18,359,22,32,NA,Alive
330083,115,Birch,Healthy,6.1,33,No,Yes,D,microbiome,205,6,29,314,22,35,NA,Alive
330084,121,Birch,Healthy,7,33,No,Yes,D,microbiome,250,11,29,427,24,39,NA,Alive
330085,106,Oak,Healthy,8.3,33,No,Yes,D,microbiome,103,NA,14,102,NA,16,NA,Alive
330086,118,Birch,Healthy,9.8,33,No,Yes,D,microbiome,223,10,28,332,21,36,NA,Alive
330087,105,Birch,Healthy,7.7,33,No,Yes,D,microbiome,210,8,27,341,20,33,NA,Alive
330088,135.5,Birch,Healthy,10.5,33,No,Yes,D,microbiome,212,10,27,302,18,31,NA,Alive
330089,105,Birch,Healthy,7.8,33,No,Yes,D,microbiome,208,10,29,351,30,45,NA,Alive
330090,135.5,Birch,Healthy,12.1,33,No,Yes,D,microbiome,250,16,36,390,29,51,NA,Alive
330091,118,Birch,Healthy,10.4,33,No,Yes,D,microbiome,230,9,27,353,17,35,NA,Alive
330092,119,Birch,Healthy,9.1,33,No,Yes,D,microbiome,234,13,35,379,27,53,NA,Alive
330093,121,Birch,Healthy,10,33,No,Yes,D,microbiome,154,7,24,274,11,17,NA,Alive
330094,117,Birch,Vigorous,11.8,33,No,Yes,D,microbiome,227,14,32,346,22,48,NA,Alive
330095,79,Aspen,Healthy,4.5,33,No,Yes,D,microbiome,162,3,12,272,13,24,NA,Alive
330096,116,Birch,Healthy,9,33,No,Yes,D,microbiome,227,10,27,354,19,30,NA,Alive
330097,63,Alder,Healthy,4.8,33,No,Yes,D,microbiome,130,NA,18,249,12,41,NA,Alive
330098,112,Alder,Healthy,14,33,No,Yes,D,microbiome,215,13,34,258,34,70,NA,Alive
330099,78,Cherry,Healthy,10.2,33,No,Yes,D,microbiome,188,8,20,232,14,32,NA,Alive
330100,188,Birch,Healthy,11,33,No,Yes,D,microbiome,237,13,28,343,18,19,NA,Alive
350001,49,Aspen,Healthy,4.2,35,Yes,No,D,basalt,144,5,12,224,10,20,NA,Alive
350002,56,Aspen,Healthy,4,35,Yes,No,D,basalt,145,3,10,202,7,11,NA,Alive
350003,58,Aspen,Healthy,4.4,35,Yes,No,D,basalt,158,7,15,205,10,20,NA,Alive
350004,54,Oak,Healthy,6.6,35,Yes,No,D,basalt,135,3,11,141,5,11,NA,Alive
350005,36,Oak,Healthy,7,35,Yes,No,D,basalt,79,NA,11,104,NA,10,NA,Alive
350006,65,Oak,Healthy,11.4,35,Yes,No,D,basalt,83,NA,22,121,NA,20,NA,Alive
350007,78,Alder,Healthy,7,35,Yes,No,D,basalt,145,4,22,234,11,31,NA,Alive
350008,61,Alder,Healthy,6.8,35,Yes,No,D,basalt,125,NA,18,218,11,40,NA,Alive
350009,90,Alder,Healthy,12,35,Yes,No,D,basalt,184,12,27,268,11,40,NA,Alive
350010,68,Alder,Healthy,8.2,35,Yes,No,D,basalt,133,5,23,240,11,31,NA,Alive
350011,123.5,Rowan,Vigorous,11.6,35,Yes,No,D,basalt,201,10,20,297,18,33,NA,Alive
350013,90.5,Alder,Healthy,10.2,35,Yes,No,D,basalt,169,8,31,238,18,60,NA,Alive
350016,84,Alder,Healthy,10.1,35,Yes,No,D,basalt,159,6,30,260,22,67,NA,Alive
350018,72,Alder,Healthy,8.3,35,Yes,No,D,basalt,165,7,29,275,22,62,NA,Alive
350019,52,Oak,Healthy,6.3,35,Yes,No,D,basalt,71,NA,9,85,NA,20,NA,Alive
350020,92.5,Birch,Healthy,7.1,35,Yes,No,D,basalt,212,8,23,317,13,38,NA,Alive
350021,88.5,Birch,Healthy,6.1,35,Yes,No,D,basalt,182,5,18,291,14,29,NA,Alive
350022,71,Alder,Healthy,9,35,Yes,No,D,basalt,146,5,23,245,18,48,NA,Alive
350023,68.5,Oak,Healthy,5.6,35,Yes,No,D,basalt,137,3,11,144,6,18,NA,Alive
350024,63.5,Birch,Healthy,5.6,35,Yes,No,D,basalt,138,2,15,192,7,25,NA,Alive
350025,41,Alder,Healthy,5.5,35,Yes,No,D,basalt,121,NA,16,203,10,35,NA,Alive
350026,70,Birch,Healthy,6,35,Yes,No,D,basalt,171,5,18,207,8,28,NA,Alive
350027,122,Rowan,Healthy,10.6,35,Yes,No,D,basalt,175,8,14,215,10,21,NA,Alive
350028,85.5,Alder,Healthy,9,35,Yes,No,D,basalt,150,6,24,233,16,45,NA,Alive
350030,78,Cherry,Healthy,8.6,35,Yes,No,D,basalt,150,5,20,187,11,33,NA,Alive
350032,83.5,Cherry,Healthy,13.9,35,Yes,No,D,basalt,99,NA,13,122,NA,17,NA,Alive
350033,76,Alder,Healthy,10,35,Yes,No,D,basalt,160,7,30,274,19,52,NA,Alive
350034,58,Alder,Healthy,11.9,35,Yes,No,D,basalt,120,NA,19,218,12,43,NA,Alive
350035,61,Alder,Healthy,8.8,35,Yes,No,D,basalt,131,3,25,153,22,56,NA,Alive
350036,43.5,Oak,Healthy,8.8,35,Yes,No,D,basalt,50,NA,9,112,NA,11,NA,Alive
350037,72,Alder,Healthy,9.3,35,Yes,No,D,basalt,139,6,24,254,20,40,NA,Alive
350038,46,Oak,Healthy,7.8,35,Yes,No,D,basalt,129,NA,10,159,7,20,NA,Alive
350039,56.5,Cherry,Healthy,6.1,35,Yes,No,D,basalt,130,5,11,157,5,16,NA,Alive
350040,79,Cherry,Healthy,7.8,35,Yes,No,D,basalt,124,NA,16,170,6,20,NA,Alive
350041,70,Cherry,Healthy,9.4,35,Yes,No,D,basalt,100,NA,12,106,NA,12,NA,Alive
350043,83,Cherry,Healthy,9.7,35,Yes,No,D,basalt,88,NA,10,128,NA,16,NA,Alive
350044,55.5,Alder,Healthy,6.1,35,Yes,No,D,basalt,122,NA,19,241,16,35,NA,Alive
350045,67.5,Alder,Healthy,8.3,35,Yes,No,D,basalt,153,4,29,257,23,57,NA,Alive
350046,57,Oak,Healthy,10.3,35,Yes,No,D,basalt,70,NA,10,92,NA,18,NA,Alive
350047,80.5,Cherry,Healthy,9.1,35,Yes,No,D,basalt,147,4,21,160,6,29,NA,Alive
350048,72.5,Cherry,Healthy,7.7,35,Yes,No,D,basalt,84,NA,9,99,NA,10,NA,Alive
350049,80.5,Alder,Healthy,9.5,35,Yes,No,D,basalt,162,6,24,266,20,40,NA,Alive
350050,69,Alder,Healthy,9.4,35,Yes,No,D,basalt,150,6,24,241,11,41,NA,Alive
350051,58,Birch,Healthy,5.8,35,Yes,No,D,basalt,151,3,18,211,7,21,NA,Alive
350052,106,Birch,Healthy,7,35,Yes,No,D,basalt,184,6,22,276,10,30,NA,Alive
350053,69,Birch,Healthy,5.5,35,Yes,No,D,basalt,159,4,16,230,7,20,NA,Alive
350054,173,Rowan,Vigorous,12.5,35,Yes,No,D,basalt,258,14,21,302,11,21,NA,Alive
350055,83,Oak,Vigorous,5.5,35,Yes,No,D,basalt,104,NA,11,102,NA,11,NA,Alive
350056,86.5,Cherry,Healthy,9.1,35,Yes,No,D,basalt,114,NA,13,147,5,11,NA,Alive
350057,109.5,Birch,Healthy,8.2,35,Yes,No,D,basalt,227,11,22,351,20,30,NA,Alive
350058,102.5,Birch,Healthy,7.6,35,Yes,No,D,basalt,198,7,21,290,10,21,NA,Alive
350059,81.5,Birch,Healthy,6.1,35,Yes,No,D,basalt,154,2,13,167,4,17,NA,Alive
350061,100.5,Birch,Healthy,7.2,35,Yes,No,D,basalt,137,2,17,207,8,24,NA,Alive
350062,94,Birch,Healthy,5.9,35,Yes,No,D,basalt,172,4,14,200,5,16,NA,Alive
350063,66,Birch,Healthy,6.5,35,Yes,No,D,basalt,171,5,17,200,7,20,NA,Alive
350064,98.5,Birch,Healthy,7.4,35,Yes,No,D,basalt,191,8,23,275,17,39,NA,Alive
350065,83.5,Birch,Healthy,5.2,35,Yes,No,D,basalt,168,4,18,229,9,25,NA,Alive
350066,48.5,Oak,Healthy,6.1,35,Yes,No,D,basalt,106,NA,9,118,NA,16,NA,Alive
350067,172,Rowan,Healthy,14.8,35,Yes,No,D,basalt,260,15,25,315,20,38,NA,Alive
350068,71,Cherry,Healthy,7.8,35,Yes,No,D,basalt,74,NA,7,73,NA,8,NA,Alive
350069,100,Alder,Healthy,17.3,35,Yes,No,D,basalt,198,8,33,298,22,63,NA,Alive
350070,127,Cherry,Healthy,8.3,35,Yes,No,D,basalt,111,NA,13,128,NA,12,NA,Alive
350071,200,Alder,Healthy,17.1,35,Yes,No,D,basalt,170,9,36,250,23,66,NA,Alive
350072,79,Alder,Healthy,8.3,35,Yes,No,D,basalt,153,5,24,270,20,54,NA,Alive
350073,61,Birch,Healthy,5.1,35,Yes,No,D,basalt,147,3,16,208,8,21,NA,Alive
350074,67,Birch,Healthy,4.9,35,Yes,No,D,basalt,128,NA,15,212,8,22,NA,Alive
350075,96,Birch,Healthy,8.5,35,Yes,No,D,basalt,181,5,25,261,12,42,NA,Alive
350076,92,Birch,Healthy,6.8,35,Yes,No,D,basalt,156,5,24,263,13,30,NA,Alive
350077,105,Birch,Vigorous,9.9,35,Yes,No,D,basalt,181,5,18,231,8,22,NA,Alive
350078,51,Birch,Healthy,4.4,35,Yes,No,D,basalt,131,2,13,152,5,21,NA,Alive
350079,101.5,Birch,Healthy,8.2,35,Yes,No,D,basalt,184,7,21,276,17,33,NA,Alive
350080,101.5,Birch,Healthy,6.1,35,Yes,No,D,basalt,183,6,19,254,11,25,NA,Alive
350081,113.5,Birch,Healthy,10.2,35,Yes,No,D,basalt,220,12,32,299,21,50,NA,Alive
350082,86,Birch,Healthy,7.1,35,Yes,No,D,basalt,182,7,22,310,16,31,NA,Alive
350083,65.6,Cherry,Healthy,8.7,35,Yes,No,D,basalt,91,NA,14,127,NA,20,NA,Alive
350085,93,Birch,Healthy,10.9,35,Yes,No,D,basalt,161,5,23,236,11,46,NA,Alive
350086,94,Birch,Healthy,5.4,35,Yes,No,D,basalt,185,7,22,307,19,36,NA,Alive
350087,81,Cherry,Healthy,7.8,35,Yes,No,D,basalt,117,NA,12,119,NA,16,NA,Alive
350088,96,Cherry,Healthy,9.8,35,Yes,No,D,basalt,162,5,27,200,11,38,NA,Alive
350089,143.5,Rowan,Healthy,12.5,35,Yes,No,D,basalt,191,9,24,265,13,29,NA,Alive
350090,92,Alder,Healthy,10.4,35,Yes,No,D,basalt,180,9,26,323,28,32,NA,Alive
350091,52,Oak,Healthy,6.4,35,Yes,No,D,basalt,117,NA,9,127,NA,16,NA,Alive
350092,94.5,Alder,Healthy,14.2,35,Yes,No,D,basalt,161,6,38,270,28,61,NA,Alive
350093,118.5,Alder,Healthy,19.8,35,Yes,No,D,basalt,217,12,44,349,32,75,NA,Alive
350094,108,Rowan,Healthy,9.6,35,Yes,No,D,basalt,179,7,20,217,10,25,NA,Alive
350095,33.5,Alder,Healthy,9.7,35,Yes,No,D,basalt,120,NA,17,198,12,34,NA,Alive
350096,58.5,Alder,Healthy,11.2,35,Yes,No,D,basalt,124,NA,16,193,11,34,NA,Alive
350097,108,Alder,Healthy,20.5,35,Yes,No,D,basalt,197,10,37,342,30,64,NA,Alive
350098,57.5,Alder,Healthy,6.4,35,Yes,No,D,basalt,130,4,19,211,14,38,NA,Alive
350099,101,Birch,Healthy,7.2,35,Yes,No,D,basalt,184,6,19,276,10,30,NA,Alive
350100,88,Alder,Healthy,13.5,35,Yes,No,D,basalt,167,5,34,277,23,66,NA,Alive
370001,103,Birch,Vigorous,7.2,37,No,No,E,control,192,8,26,277,7,37,NA,Alive
370002,70,Cherry,Healthy,9.6,37,No,No,E,control,127,NA,14,157,6,22,NA,Alive
370003,77,Cherry,Healthy,9,37,No,No,E,control,150,4,17,175,7,25,NA,Alive
370005,73,Alder,Healthy,6.6,37,No,No,E,control,125,NA,18,166,8,36,NA,Alive
370006,64.5,Alder,Healthy,5.3,37,No,No,E,control,134,3,14,210,15,40,NA,Alive
370007,102,Birch,Healthy,8,37,No,No,E,control,209,10,26,296,21,45,NA,Alive
370008,113,Alder,Healthy,9.1,37,No,No,E,control,139,4,19,245,15,38,NA,Alive
370010,72,Alder,Healthy,7.1,37,No,No,E,control,131,3,22,207,12,40,NA,Alive
370011,90,Birch,Healthy,5.2,37,No,No,E,control,175,5,17,287,16,32,NA,Alive
370012,95,Birch,Healthy,5.6,37,No,No,E,control,176,6,23,272,16,34,NA,Alive
370013,83,Birch,Healthy,6,37,No,No,E,control,185,7,21,291,17,34,NA,Alive
370014,83,Birch,Healthy,5.4,37,No,No,E,control,217,8,24,297,19,43,NA,Alive
370015,59.5,Birch,Healthy,4.4,37,No,No,E,control,145,4,9,171,6,9,NA,Alive
370016,57,Birch,Healthy,5.4,37,No,No,E,control,158,4,10,177,6,16,NA,Alive
370017,68,Birch,Healthy,4,37,No,No,E,control,167,4,11,199,6,11,NA,Alive
370018,67.5,Oak,Healthy,9,37,No,No,E,control,98,NA,14,124,NA,19,NA,Alive
370019,84,Birch,Healthy,5,37,No,No,E,control,165,5,13,225,9,18,NA,Alive
370020,69,Cherry,Healthy,6.3,37,No,No,E,control,135,5,17,172,8,24,NA,Alive
370021,61,Aspen,Healthy,3.8,37,No,No,E,control,136,1,7,133,2,12,NA,Alive
370022,35.5,Aspen,Healthy,3.3,37,No,No,E,control,124,NA,9,153,3,17,NA,Alive
370023,40,Aspen,Healthy,3,37,No,No,E,control,105,NA,6,147,3,11,NA,Alive
370024,127,Rowan,Vigorous,16.6,37,No,No,E,control,168,6,21,237,10,24,NA,Alive
370025,49,Aspen,Healthy,3.6,37,No,No,E,control,113,NA,8,139,2,12,NA,Alive
370026,67,Aspen,Healthy,4.2,37,No,No,E,control,124,NA,9,156,3,16,NA,Alive
370027,44.5,Aspen,Healthy,3.8,37,No,No,E,control,73,NA,5,131,2,8,NA,Alive
370030,101,Alder,Healthy,9.4,37,No,No,E,control,177,8,27,303,24,59,NA,Alive
370031,43,Alder,Healthy,4.9,37,No,No,E,control,98,NA,11,168,6,20,NA,Alive
370032,61,Oak,Healthy,10.3,37,No,No,E,control,114,NA,15,114,NA,21,NA,Alive
370033,70,Alder,Healthy,6.8,37,No,No,E,control,125,NA,17,199,14,36,NA,Alive
370034,79,Birch,Healthy,4.2,37,No,No,E,control,205,8,23,311,17,38,NA,Alive
370036,96.5,Birch,Healthy,5.7,37,No,No,E,control,207,11,19,329,21,42,NA,Alive
370037,47,Alder,Healthy,4.7,37,No,No,E,control,50,NA,6,100,NA,12,NA,Alive
370038,86.5,Alder,Healthy,8.8,37,No,No,E,control,166,7,21,259,21,48,NA,Alive
370039,80.5,Alder,Healthy,7.5,37,No,No,E,control,151,5,20,251,20,42,NA,Alive
370042,81,Alder,Vigorous,8.6,37,No,No,E,control,159,6,32,285,21,53,NA,Alive
370043,73,Cherry,Healthy,6.9,37,No,No,E,control,98,NA,10,108,NA,12,NA,Alive
370044,44,Oak,Healthy,9,37,No,No,E,control,120,NA,10,111,NA,10,NA,Alive
370045,123,Birch,Vigorous,7.5,37,No,No,E,control,232,10,28,401,23,45,NA,Alive
370046,80,Birch,Healthy,5,37,No,No,E,control,204,8,21,329,15,32,NA,Alive
370047,29,Birch,Healthy,3.3,37,No,No,E,control,133,2,13,228,9,24,NA,Alive
370048,71,Birch,Healthy,3.8,37,No,No,E,control,166,4,19,260,8,36,NA,Alive
370049,67,Birch,Healthy,3.2,37,No,No,E,control,185,5,18,289,8,29,NA,Alive
370050,84,Alder,Healthy,7.3,37,No,No,E,control,140,4,26,239,19,47,NA,Alive
370052,77,Cherry,Healthy,6,37,No,No,E,control,164,7,18,188,11,28,NA,Alive
370053,63,Oak,Healthy,6.3,37,No,No,E,control,100,NA,9,124,NA,16,NA,Alive
370054,83.5,Cherry,Healthy,7.5,37,No,No,E,control,108,NA,12,119,NA,14,NA,Alive
370055,69,Birch,Healthy,4.4,37,No,No,E,control,160,4,19,276,15,39,NA,Alive
370056,135.5,Rowan,Vigorous,16.8,37,No,No,E,control,167,10,27,221,16,36,NA,Alive
370057,23.3,Birch,Healthy,3.3,37,No,No,E,control,115,NA,10,159,4,23,NA,Alive
370058,60.5,Cherry,Healthy,7.2,37,No,No,E,control,96,NA,10,100,NA,10,NA,Alive
370060,56,Cherry,Healthy,5.7,37,No,No,E,control,136,3,16,147,6,27,NA,Alive
370061,76,Cherry,Healthy,8.3,37,No,No,E,control,169,8,17,202,15,26,NA,Alive
370062,76,Alder,Healthy,7,37,No,No,E,control,145,4,23,203,13,50,NA,Alive
370063,32,Birch,Healthy,4.7,37,No,No,E,control,175,5,13,206,6,23,NA,Alive
370064,65,Oak,Healthy,7.6,37,No,No,E,control,90,NA,12,99,NA,20,NA,Alive
370065,68,Birch,Healthy,4.4,37,No,No,E,control,149,3,17,252,12,31,NA,Alive
370066,64,Birch,Healthy,4.3,37,No,No,E,control,170,5,17,301,14,34,NA,Alive
370067,93,Alder,Vigorous,10.2,37,No,No,E,control,179,6,27,266,20,51,NA,Alive
370068,28,Cherry,Healthy,4.9,37,No,No,E,control,72,NA,7,90,NA,11,NA,Alive
370070,30,Alder,Healthy,5,37,No,No,E,control,100,NA,14,180,9,33,NA,Alive
370071,82,Alder,Vigorous,8.5,37,No,No,E,control,151,5,30,265,24,61,NA,Alive
370072,60,Cherry,Healthy,5.5,37,No,No,E,control,141,4,11,187,11,32,NA,Alive
370073,79.5,Cherry,Healthy,6.7,37,No,No,E,control,143,5,14,184,11,28,NA,Alive
370074,74,Cherry,Healthy,7.7,37,No,No,E,control,81,NA,10,92,NA,10,NA,Alive
370076,84,Birch,Healthy,5.5,37,No,No,E,control,176,6,25,291,17,46,NA,Alive
370078,44.5,Oak,Healthy,4.4,37,No,No,E,control,68,NA,9,94,NA,15,NA,Alive
370079,57,Alder,Healthy,6.1,37,No,No,E,control,121,NA,16,205,11,43,NA,Alive
370080,62,Cherry,Healthy,6.7,37,No,No,E,control,70,NA,10,84,NA,13,NA,Alive
370081,59,Cherry,Healthy,5.5,37,No,No,E,control,92,NA,15,127,NA,21,NA,Alive
370082,45,Alder,Healthy,4.7,37,No,No,E,control,104,NA,18,192,9,31,NA,Alive
370083,58,Alder,Healthy,4.7,37,No,No,E,control,149,5,22,300,21,43,NA,Alive
370084,53,Birch,Healthy,4.7,37,No,No,E,control,167,5,18,280,13,27,NA,Alive
370085,73,Birch,Healthy,5.5,37,No,No,E,control,144,3,21,219,11,34,NA,Alive
370086,60,Birch,Healthy,4.1,37,No,No,E,control,139,2,15,222,13,32,NA,Alive
370087,26,Cherry,Healthy,4.8,37,No,No,E,control,49,NA,6,46,NA,6,NA,Alive
370088,130,Rowan,Vigorous,10.2,37,No,No,E,control,179,6,22,207,14,31,NA,Alive
370089,75,Cherry,Healthy,6.6,37,No,No,E,control,126,NA,20,170,6,37,NA,Alive
370090,73,Alder,Healthy,7.3,37,No,No,E,control,113,NA,16,168,6,31,NA,Alive
370091,83,Birch,Healthy,4.5,37,No,No,E,control,223,9,22,349,22,42,NA,Alive
370092,91,Birch,Vigorous,7,37,No,No,E,control,203,8,24,312,21,48,NA,Alive
370094,65,Birch,Healthy,3.6,37,No,No,E,control,163,5,19,309,17,41,NA,Alive
370095,89,Birch,Healthy,5.2,37,No,No,E,control,183,7,19,282,18,42,NA,Alive
370096,50,Oak,Healthy,5.2,37,No,No,E,control,107,NA,10,118,NA,14,NA,Alive
370098,83,Cherry,Healthy,7.5,37,No,No,E,control,159,7,17,199,12,37,NA,Alive
370099,75,Cherry,Healthy,7.2,37,No,No,E,control,118,NA,16,160,5,32,NA,Alive
370100,80,Oak,Vigorous,8.6,37,No,No,E,control,133,2,13,136,3,21,NA,Alive
380001,34,Oak,Healthy,7.5,38,No,Yes,E,microbiome,101,NA,9,128,NA,15,NA,Alive
380002,37,Oak,Healthy,5.2,38,No,Yes,E,microbiome,96,NA,10,104,NA,15,NA,Alive
380003,70,Oak,Vigorous,6.5,38,No,Yes,E,microbiome,106,NA,12,102,NA,19,NA,Alive
380005,86,Rowan,Healthy,9.6,38,No,Yes,E,microbiome,139,5,14,197,9,20,NA,Alive
380006,38,Alder,Healthy,4.9,38,No,Yes,E,microbiome,92,NA,13,170,8,29,NA,Alive
380007,49,Alder,Healthy,6,38,No,Yes,E,microbiome,127,NA,18,226,7,34,NA,Alive
380008,38.5,Oak,Healthy,5.6,38,No,Yes,E,microbiome,83,NA,9,107,NA,8,NA,Alive
380009,101,Rowan,Vigorous,8.5,38,No,Yes,E,microbiome,237,12,21,277,14,25,NA,Alive
380010,48,Oak,Healthy,5.6,38,No,Yes,E,microbiome,68,NA,11,84,NA,16,NA,Alive
380011,50,Oak,Healthy,4.6,38,No,Yes,E,microbiome,85,NA,10,91,NA,14,NA,Alive
380012,64,Oak,Healthy,5.2,38,No,Yes,E,microbiome,108,NA,12,117,NA,8,NA,Alive
380013,38.5,Oak,Healthy,5,38,No,Yes,E,microbiome,139,6,12,144,6,15,NA,Alive
380014,110,Birch,Vigorous,5,38,No,Yes,E,microbiome,208,10,28,304,15,40,NA,Alive
380015,70,Birch,Healthy,2.4,38,No,Yes,E,microbiome,129,NA,18,229,10,26,NA,Alive
380016,92,Birch,Healthy,3.1,38,No,Yes,E,microbiome,197,9,25,274,16,36,NA,Alive
380017,103,Birch,Healthy,3.9,38,No,Yes,E,microbiome,218,4,24,282,15,36,NA,Alive
380018,48.5,Oak,Healthy,6.3,38,No,Yes,E,microbiome,90,NA,12,107,NA,14,NA,Alive
380019,61.5,Oak,Healthy,12.4,38,No,Yes,E,microbiome,51,NA,17,91,NA,22,NA,Alive
380020,163,Rowan,Vigorous,8.5,38,No,Yes,E,microbiome,239,13,24,290,17,32,NA,Alive
380021,76,Alder,Healthy,7.5,38,No,Yes,E,microbiome,150,5,26,240,21,49,NA,Alive
380022,70,Birch,Healthy,4.2,38,No,Yes,E,microbiome,164,5,16,210,10,30,NA,Alive
380023,85,Birch,Healthy,5.7,38,No,Yes,E,microbiome,177,6,25,268,14,34,NA,Alive
380024,83,Birch,Healthy,4.8,38,No,Yes,E,microbiome,186,5,17,251,11,26,NA,Alive
380025,69,Alder,Healthy,6.7,38,No,Yes,E,microbiome,127,NA,17,192,11,32,NA,Alive
380026,85,Birch,Healthy,4.7,38,No,Yes,E,microbiome,179,5,14,288,13,29,NA,Alive
380027,89,Birch,Healthy,6.2,38,No,Yes,E,microbiome,173,9,32,261,18,53,NA,Alive
380028,61,Birch,Healthy,3.9,38,No,Yes,E,microbiome,119,NA,11,156,4,17,NA,Alive
380029,65,Alder,Healthy,7,38,No,Yes,E,microbiome,153,5,21,242,20,43,NA,Alive
380030,76,Alder,Healthy,8.3,38,No,Yes,E,microbiome,130,4,19,216,14,42,NA,Alive
380031,79,Alder,Healthy,8.5,38,No,Yes,E,microbiome,150,4,25,215,15,43,NA,Alive
380032,49,Cherry,Healthy,5.7,38,No,Yes,E,microbiome,109,NA,10,137,4,15,NA,Alive
380033,116,Rowan,Vigorous,9.8,38,No,Yes,E,microbiome,217,11,20,300,17,29,NA,Alive
380034,99.5,Birch,Vigorous,6.8,38,No,Yes,E,microbiome,178,4,16,267,12,14,NA,Alive
380035,78,Birch,Healthy,5,38,No,Yes,E,microbiome,203,7,20,295,16,35,NA,Alive
380036,55.5,Alder,Healthy,7,38,No,Yes,E,microbiome,100,NA,13,157,6,27,NA,Alive
380037,78,Birch,Healthy,5.5,38,No,Yes,E,microbiome,196,7,19,331,16,30,NA,Alive
380038,63,Cherry,Healthy,7.4,38,No,Yes,E,microbiome,124,NA,14,155,5,20,NA,Alive
380039,58.5,Alder,Healthy,5.8,38,No,Yes,E,microbiome,124,NA,21,192,9,35,NA,Alive
380040,38,Alder,Healthy,6.1,38,No,Yes,E,microbiome,105,NA,15,169,7,27,NA,Alive
380041,38,Alder,Healthy,4.2,38,No,Yes,E,microbiome,106,NA,18,180,9,35,NA,Alive
380042,85,Alder,Healthy,8.5,38,No,Yes,E,microbiome,128,NA,21,179,8,41,NA,Alive
380043,88,Birch,Healthy,4.8,38,No,Yes,E,microbiome,192,6,20,270,12,35,NA,Alive
380045,100,Rowan,Healthy,6.7,38,No,Yes,E,microbiome,163,6,15,232,11,21,NA,Alive
380046,47,Oak,Healthy,8.5,38,No,Yes,E,microbiome,80,NA,10,98,NA,16,NA,Alive
380047,45,Oak,Healthy,5.6,38,No,Yes,E,microbiome,90,NA,10,110,NA,15,NA,Alive
380048,104,Birch,Vigorous,6.8,38,No,Yes,E,microbiome,220,9,24,316,16,35,NA,Alive
380049,81,Alder,Vigorous,6.9,38,No,Yes,E,microbiome,163,3,26,168,11,41,NA,Alive
380050,70,Alder,Healthy,6.9,38,No,Yes,E,microbiome,189,10,30,171,26,56,NA,Alive
380051,95.5,Birch,Healthy,4.6,38,No,Yes,E,microbiome,202,8,24,302,20,44,NA,Alive
380052,75.5,Birch,Healthy,2,38,No,Yes,E,microbiome,173,6,16,236,13,25,NA,Alive
380053,64.5,Birch,Healthy,2,38,No,Yes,E,microbiome,125,NA,15,193,6,24,NA,Alive
380054,43,Oak,Healthy,3.5,38,No,Yes,E,microbiome,80,NA,11,88,NA,8,NA,Alive
380056,73,Oak,Healthy,6.8,38,No,Yes,E,microbiome,95,NA,14,97,NA,18,NA,Alive
380057,57,Alder,Healthy,4.6,38,No,Yes,E,microbiome,109,NA,18,178,12,33,NA,Alive
380058,47,Cherry,Healthy,2.9,38,No,Yes,E,microbiome,72,NA,11,92,NA,15,NA,Alive
380060,86.5,Birch,Healthy,3,38,No,Yes,E,microbiome,177,4,18,225,9,27,NA,Alive
380061,59,Birch,Healthy,4.9,38,No,Yes,E,microbiome,113,NA,13,165,6,19,NA,Alive
380062,36,Birch,Healthy,3,38,No,Yes,E,microbiome,135,3,12,222,11,22,NA,Alive
380063,65,Birch,Healthy,4.8,38,No,Yes,E,microbiome,112,NA,10,140,3,12,NA,Alive
380064,104,Rowan,Healthy,9.3,38,No,Yes,E,microbiome,128,NA,14,170,6,17,NA,Alive
380065,50,Cherry,Healthy,5.9,38,No,Yes,E,microbiome,104,NA,12,116,NA,15,NA,Alive
380066,45,Cherry,Healthy,3.9,38,No,Yes,E,microbiome,99,NA,10,124,NA,17,NA,Alive
380067,41,Cherry,Healthy,5.5,38,No,Yes,E,microbiome,127,NA,19,165,6,31,NA,Alive
380068,71,Rowan,Healthy,8.3,38,No,Yes,E,microbiome,151,5,16,223,11,23,NA,Alive
380069,52,Birch,Healthy,3.6,38,No,Yes,E,microbiome,185,6,20,282,14,32,NA,Alive
380070,68,Birch,Healthy,8.2,38,No,Yes,E,microbiome,172,5,18,268,11,27,NA,Alive
380071,50,Alder,Healthy,5.2,38,No,Yes,E,microbiome,109,NA,15,196,12,39,NA,Alive
380072,50,Alder,Healthy,5.6,38,No,Yes,E,microbiome,115,NA,14,165,7,31,NA,Alive
380073,59,Alder,Healthy,5.4,38,No,Yes,E,microbiome,99,NA,18,143,5,34,NA,Alive
380074,55,Alder,Healthy,5.9,38,No,Yes,E,microbiome,124,NA,18,198,10,37,NA,Alive
380075,24,Birch,Healthy,2.4,38,No,Yes,E,microbiome,93,NA,89,149,4,16,NA,Alive
380076,90,Alder,Vigorous,8.3,38,No,Yes,E,microbiome,185,7,28,305,21,41,NA,Alive
380077,61,Alder,Healthy,5.5,38,No,Yes,E,microbiome,121,NA,19,195,10,39,NA,Alive
380078,8,Birch,Healthy,2.6,38,No,Yes,E,microbiome,71,NA,5,118,NA,9,NA,Alive
380079,50,Alder,Healthy,5.8,38,No,Yes,E,microbiome,70,NA,9,98,NA,20,NA,Alive
380080,56,Alder,Healthy,5.1,38,No,Yes,E,microbiome,134,3,20,222,14,43,NA,Alive
380081,42,Birch,Healthy,1.9,38,No,Yes,E,microbiome,146,3,14,240,12,27,NA,Alive
380082,81.5,Birch,Healthy,3.1,38,No,Yes,E,microbiome,217,8,26,248,11,32,NA,Alive
380083,73,Birch,Healthy,2.4,38,No,Yes,E,microbiome,153,3,18,254,11,29,NA,Alive
380084,58,Alder,Healthy,4.1,38,No,Yes,E,microbiome,111,NA,17,172,9,33,NA,Alive
380085,56.5,Alder,Healthy,2.4,38,No,Yes,E,microbiome,132,4,18,217,12,36,NA,Alive
380086,70.5,Alder,Healthy,4.6,38,No,Yes,E,microbiome,157,6,23,234,17,44,NA,Alive
380089,66.5,Alder,Healthy,4.6,38,No,Yes,E,microbiome,159,5,26,255,16,45,NA,Alive
380091,69,Alder,Healthy,7.3,38,No,Yes,E,microbiome,138,6,20,243,17,45,NA,Alive
380092,92,Rowan,Healthy,5.9,38,No,Yes,E,microbiome,233,6,19,241,12,28,NA,Alive
380093,89,Birch,Healthy,5.5,38,No,Yes,E,microbiome,185,6,25,281,13,42,NA,Alive
380094,53.5,Birch,Healthy,3.9,38,No,Yes,E,microbiome,136,2,11,239,10,18,NA,Alive
380095,68,Oak,Vigorous,16.2,38,No,Yes,E,microbiome,96,NA,16,106,NA,36,NA,Alive
380096,90,Birch,Healthy,5.8,38,No,Yes,E,microbiome,212,9,18,304,14,34,NA,Alive
380098,73,Oak,Healthy,10.9,38,No,Yes,E,microbiome,117,NA,17,133,2,25,NA,Alive
380099,60,Alder,Healthy,6.3,38,No,Yes,E,microbiome,116,NA,17,192,12,48,NA,Alive
380100,52,Aspen,Healthy,5.4,38,No,Yes,E,microbiome,155,5,11,197,10,22,NA,Alive
390001,50,Alder,Healthy,4.9,39,Yes,Yes,E,basalt+microbiome,119,NA,15,185,10,32,NA,Alive
390002,67,Alder,Vigorous,6.6,39,Yes,Yes,E,basalt+microbiome,140,5,22,210,15,37,NA,Alive
390003,42,Cherry,Healthy,4.1,39,Yes,Yes,E,basalt+microbiome,111,NA,11,116,NA,11,NA,Alive
390005,48,Birch,Healthy,3.1,39,Yes,Yes,E,basalt+microbiome,189,7,26,277,18,37,NA,Alive
390006,46,Cherry,Healthy,3.2,39,Yes,Yes,E,basalt+microbiome,110,NA,15,138,5,21,NA,Alive
390007,42,Cherry,Healthy,4.1,39,Yes,Yes,E,basalt+microbiome,102,NA,10,133,3,14,NA,Alive
390009,27,Cherry,Healthy,2.8,39,Yes,Yes,E,basalt+microbiome,90,NA,11,116,NA,16,NA,Alive
390010,55,Alder,Healthy,6.2,39,Yes,Yes,E,basalt+microbiome,141,3,25,248,21,53,NA,Alive
390011,41,Alder,Healthy,4.9,39,Yes,Yes,E,basalt+microbiome,109,NA,13,187,11,33,NA,Alive
390013,57,Oak,Healthy,11.9,39,Yes,Yes,E,basalt+microbiome,124,NA,18,111,NA,30,NA,Alive
390014,46,Alder,Healthy,4.1,39,Yes,Yes,E,basalt+microbiome,114,NA,15,183,10,31,NA,Alive
390016,50,Alder,Healthy,6.3,39,Yes,Yes,E,basalt+microbiome,132,4,21,212,13,43,NA,Alive
390017,37,Alder,Healthy,5.2,39,Yes,Yes,E,basalt+microbiome,131,2,20,214,12,40,NA,Alive
390019,47,Birch,Healthy,3.6,39,Yes,Yes,E,basalt+microbiome,157,3,17,251,11,35,NA,Alive
390022,51,Alder,Healthy,6.1,39,Yes,Yes,E,basalt+microbiome,140,4,18,208,11,40,NA,Alive
390023,26,Alder,Healthy,3.6,39,Yes,Yes,E,basalt+microbiome,100,NA,11,165,8,24,NA,Alive
390024,44,Alder,Healthy,5,39,Yes,Yes,E,basalt+microbiome,119,NA,19,212,14,39,NA,Alive
390025,41,Cherry,Healthy,3.8,39,Yes,Yes,E,basalt+microbiome,116,NA,11,132,3,16,NA,Alive
390026,68,Alder,Vigorous,6.7,39,Yes,Yes,E,basalt+microbiome,148,5,29,225,17,51,NA,Alive
390029,50,Oak,Healthy,9,39,Yes,Yes,E,basalt+microbiome,116,NA,14,140,3,18,NA,Alive
390030,41,Alder,Healthy,3.2,39,Yes,Yes,E,basalt+microbiome,123,NA,18,180,7,35,NA,Alive
390031,31,Alder,Healthy,3.8,39,Yes,Yes,E,basalt+microbiome,72,NA,8,122,NA,17,NA,Alive
390032,50,Alder,Healthy,5.2,39,Yes,Yes,E,basalt+microbiome,155,7,21,238,15,41,NA,Alive
390033,61,Alder,Vigorous,6.2,39,Yes,Yes,E,basalt+microbiome,103,NA,21,207,14,49,NA,Alive
390034,46,Alder,Healthy,5.7,39,Yes,Yes,E,basalt+microbiome,127,NA,23,195,14,42,NA,Alive
390035,37,Alder,Healthy,4.3,39,Yes,Yes,E,basalt+microbiome,124,NA,17,222,14,48,NA,Alive
390036,53,Alder,Healthy,5.6,39,Yes,Yes,E,basalt+microbiome,135,3,20,213,13,40,NA,Alive
390037,42,Alder,Healthy,4.8,39,Yes,Yes,E,basalt+microbiome,105,NA,15,182,10,36,NA,Alive
390038,13,Birch,Healthy,2,39,Yes,Yes,E,basalt+microbiome,177,5,18,250,11,27,NA,Alive
390040,43,Birch,Healthy,3.1,39,Yes,Yes,E,basalt+microbiome,174,6,19,249,12,31,NA,Alive
390041,37,Birch,Healthy,3.8,39,Yes,Yes,E,basalt+microbiome,164,4,19,263,11,39,NA,Alive
390042,52,Birch,Healthy,4,39,Yes,Yes,E,basalt+microbiome,165,5,9,246,11,31,NA,Alive
390043,32,Birch,Healthy,2.8,39,Yes,Yes,E,basalt+microbiome,166,5,24,208,10,38,NA,Alive
390045,52,Birch,Healthy,3.6,39,Yes,Yes,E,basalt+microbiome,166,2,20,265,12,30,NA,Alive
390046,50,Birch,Healthy,4.4,39,Yes,Yes,E,basalt+microbiome,181,5,25,223,17,38,NA,Alive
390047,36,Birch,Healthy,4,39,Yes,Yes,E,basalt+microbiome,146,3,15,174,6,21,NA,Alive
390048,67,Birch,Vigorous,4.1,39,Yes,Yes,E,basalt+microbiome,195,9,26,309,18,36,NA,Alive
390049,39,Birch,Healthy,3.3,39,Yes,Yes,E,basalt+microbiome,151,4,20,210,12,33,NA,Alive
390050,58,Birch,Healthy,4.1,39,Yes,Yes,E,basalt+microbiome,185,7,26,256,11,38,NA,Alive
390051,50,Alder,Healthy,5.1,39,Yes,Yes,E,basalt+microbiome,95,NA,11,163,8,31,NA,Alive
390052,55,Alder,Healthy,5.6,39,Yes,Yes,E,basalt+microbiome,134,5,22,214,14,42,NA,Alive
390053,61,Cherry,Healthy,5.1,39,Yes,Yes,E,basalt+microbiome,133,4,13,135,5,20,NA,Alive
390054,48,Birch,Healthy,3.9,39,Yes,Yes,E,basalt+microbiome,184,6,21,269,13,34,NA,Alive
390056,46,Cherry,Healthy,4.2,39,Yes,Yes,E,basalt+microbiome,122,NA,11,126,NA,14,NA,Alive
390057,47,Alder,Healthy,5.2,39,Yes,Yes,E,basalt+microbiome,113,NA,15,173,10,31,NA,Alive
390058,70,Alder,Vigorous,5.7,39,Yes,Yes,E,basalt+microbiome,156,7,27,260,25,44,NA,Alive
390059,38,Alder,Healthy,3.1,39,Yes,Yes,E,basalt+microbiome,102,NA,15,154,8,32,NA,Alive
390060,71,Cherry,Healthy,9.3,39,Yes,Yes,E,basalt+microbiome,82,NA,9,85,NA,9,NA,Alive
390062,48,Alder,Healthy,5,39,Yes,Yes,E,basalt+microbiome,140,4,25,218,15,46,NA,Alive
390063,40,Cherry,Healthy,3.6,39,Yes,Yes,E,basalt+microbiome,76,NA,11,85,NA,11,NA,Alive
390064,22,Cherry,Healthy,3.7,39,Yes,Yes,E,basalt+microbiome,52,NA,6,68,NA,7,NA,Alive
390065,56,Birch,Healthy,2.4,39,Yes,Yes,E,basalt+microbiome,157,6,20,222,11,33,NA,Alive
390066,54,Cherry,Healthy,5.6,39,Yes,Yes,E,basalt+microbiome,87,NA,11,91,NA,12,NA,Alive
390067,NA,Cherry,Healthy,5.1,39,Yes,Yes,E,basalt+microbiome,119,NA,14,152,5,24,NA,Alive
390069,61,Cherry,Healthy,4.6,39,Yes,Yes,E,basalt+microbiome,81,NA,10,98,NA,14,NA,Alive
390071,79,Cherry,Vigorous,6.3,39,Yes,Yes,E,basalt+microbiome,102,NA,13,127,NA,23,NA,Alive
390072,67,Oak,Vigorous,9.5,39,Yes,Yes,E,basalt+microbiome,85,NA,14,90,NA,21,NA,Alive
390073,72,Cherry,Healthy,7.9,39,Yes,Yes,E,basalt+microbiome,110,NA,16,157,5,25,NA,Alive
390074,84,Cherry,Vigorous,10.4,39,Yes,Yes,E,basalt+microbiome,107,NA,10,130,7,19,NA,Alive
390075,79,Cherry,Vigorous,9.7,39,Yes,Yes,E,basalt+microbiome,102,NA,9,109,NA,11,NA,Alive
390077,38,Oak,Healthy,7.9,39,Yes,Yes,E,basalt+microbiome,94,NA,12,88,NA,15,NA,Alive
390078,31,Cherry,Healthy,2.5,39,Yes,Yes,E,basalt+microbiome,55,NA,5,75,NA,8,NA,Alive
390080,39,Birch,Healthy,3.2,39,Yes,Yes,E,basalt+microbiome,159,2,15,212,6,26,NA,Alive
390081,63,Birch,Healthy,3.5,39,Yes,Yes,E,basalt+microbiome,228,8,27,267,16,42,NA,Alive
390083,38,Alder,Healthy,5.3,39,Yes,Yes,E,basalt+microbiome,158,5,32,269,21,52,NA,Alive
390084,22,Oak,Healthy,8.1,39,Yes,Yes,E,basalt+microbiome,62,NA,11,71,NA,11,NA,Alive
390086,43,Cherry,Healthy,4.3,39,Yes,Yes,E,basalt+microbiome,135,5,16,142,11,16,NA,Alive
390087,54,Cherry,Healthy,3.8,39,Yes,Yes,E,basalt+microbiome,81,NA,10,108,NA,13,NA,Alive
390088,42,Alder,Healthy,4.5,39,Yes,Yes,E,basalt+microbiome,119,NA,18,177,10,35,NA,Alive
390090,41,Alder,Healthy,5.3,39,Yes,Yes,E,basalt+microbiome,130,3,20,190,11,37,NA,Alive
390091,42,Alder,Healthy,5.1,39,Yes,Yes,E,basalt+microbiome,74,NA,11,121,NA,21,NA,Alive
390092,54,Alder,Healthy,6.3,39,Yes,Yes,E,basalt+microbiome,147,5,22,238,20,45,NA,Alive
390093,42,Alder,Healthy,4.2,39,Yes,Yes,E,basalt+microbiome,110,NA,14,171,10,28,NA,Alive
390094,30,Birch,Healthy,2.6,39,Yes,Yes,E,basalt+microbiome,173,6,22,237,10,28,NA,Alive
390095,44,Oak,Healthy,6.5,39,Yes,Yes,E,basalt+microbiome,110,NA,10,118,NA,13,NA,Alive
390096,47,Aspen,Healthy,5,39,Yes,Yes,E,basalt+microbiome,133,4,19,217,13,36,NA,Alive
390097,42,Birch,Healthy,2.9,39,Yes,Yes,E,basalt+microbiome,190,5,17,287,15,33,NA,Alive
390098,37,Oak,Healthy,5.6,39,Yes,Yes,E,basalt+microbiome,74,NA,10,95,NA,13,NA,Alive
390099,55,Alder,Healthy,5.5,39,Yes,Yes,E,basalt+microbiome,126,NA,18,217,14,36,NA,Alive
390100,27,Alder,Healthy,4,39,Yes,Yes,E,basalt+microbiome,111,NA,17,204,14,33,NA,Alive
430002,28,Alder,Healthy,3.5,43,Yes,No,E,basalt,91,NA,17,193,9,42,NA,Alive
430003,37,Alder,Healthy,3.9,43,Yes,No,E,basalt,114,NA,14,209,10,31,NA,Alive
430004,45,Alder,Healthy,4.5,43,Yes,No,E,basalt,141,4,21,237,17,37,NA,Alive
430005,6,Alder,Healthy,3.3,43,Yes,No,E,basalt,78,NA,11,154,5,26,NA,Alive
430006,34,Alder,Healthy,4.9,43,Yes,No,E,basalt,94,NA,12,172,7,25,NA,Alive
430007,41,Alder,Healthy,4.9,43,Yes,No,E,basalt,89,NA,11,143,3,20,NA,Alive
430008,32,Alder,Healthy,4.5,43,Yes,No,E,basalt,103,NA,14,171,8,24,NA,Alive
430009,77,Alder,Healthy,6.8,43,Yes,No,E,basalt,151,6,24,229,16,39,NA,Alive
430010,36,Alder,Healthy,5.7,43,Yes,No,E,basalt,NA,NA,NA,169,8,35,NA,Alive
430011,62,Birch,Healthy,4.3,43,Yes,No,E,basalt,165,5,17,236,14,31,NA,Alive
430012,98,Birch,Healthy,6.6,43,Yes,No,E,basalt,194,6,19,251,18,35,NA,Alive
430013,59,Aspen,Healthy,5.3,43,Yes,No,E,basalt,151,3,10,182,7,14,NA,Alive
430014,92,Alder,Healthy,8.9,43,Yes,No,E,basalt,140,4,20,179,9,38,NA,Alive
430015,86,Alder,Vigorous,5.4,43,Yes,No,E,basalt,197,4,23,240,14,41,NA,Alive
430016,94,Alder,Vigorous,2,43,Yes,No,E,basalt,165,6,28,268,18,43,NA,Alive
430017,60,Birch,Healthy,3.6,43,Yes,No,E,basalt,90,NA,7,149,3,10,NA,Alive
430018,61,Alder,Healthy,6.4,43,Yes,No,E,basalt,134,4,21,229,18,44,NA,Alive
430020,57,Cherry,Healthy,5.2,43,Yes,No,E,basalt,85,NA,9,117,NA,12,NA,Alive
430022,64,Alder,Healthy,7.5,43,Yes,No,E,basalt,144,5,23,257,19,40,NA,Alive
430023,93,Aspen,Healthy,5.9,43,Yes,No,E,basalt,141,3,12,193,9,20,NA,Alive
430024,72,Aspen,Healthy,4.5,43,Yes,No,E,basalt,115,NA,7,105,NA,10,NA,Alive
430025,39,Alder,Healthy,8.5,43,Yes,No,E,basalt,99,NA,13,150,2,23,NA,Alive
430027,73,Alder,Healthy,7.1,43,Yes,No,E,basalt,126,NA,20,200,10,37,NA,Alive
430028,88,Aspen,Healthy,4.6,43,Yes,No,E,basalt,153,3,9,172,5,13,NA,Alive
430029,105,Birch,Healthy,10.3,43,Yes,No,E,basalt,120,8,18,343,14,32,NA,Alive
430030,79,Rowan,Healthy,4.1,43,Yes,No,E,basalt,61,NA,7,82,NA,10,NA,Alive
430031,80,Alder,Healthy,8.4,43,Yes,No,E,basalt,143,4,21,237,15,35,NA,Alive
430032,38,Alder,Healthy,6.1,43,Yes,No,E,basalt,106,NA,15,167,6,26,NA,Alive
430033,89,Alder,Healthy,8.9,43,Yes,No,E,basalt,152,5,21,259,20,41,NA,Alive
430034,46,Alder,Healthy,4.9,43,Yes,No,E,basalt,83,NA,13,144,6,24,NA,Alive
430035,52,Alder,Healthy,4.7,43,Yes,No,E,basalt,98,NA,13,173,6,25,NA,Alive
430036,55,Alder,Healthy,4.7,43,Yes,No,E,basalt,137,3,19,258,15,36,NA,Alive
430037,43,Alder,Healthy,5,43,Yes,No,E,basalt,112,NA,17,198,10,30,NA,Alive
430039,56,Rowan,Healthy,8.2,43,Yes,No,E,basalt,151,5,13,214,10,17,NA,Alive
430040,100,Rowan,Vigorous,7.5,43,Yes,No,E,basalt,200,6,20,250,8,29,NA,Alive
430041,67,Oak,Healthy,12.3,43,Yes,No,E,basalt,68,NA,21,84,NA,16,NA,Alive
430042,98,Rowan,Healthy,6.8,43,Yes,No,E,basalt,260,13,23,314,18,37,NA,Alive
430043,76,Alder,Vigorous,6.8,43,Yes,No,E,basalt,158,6,34,289,21,46,NA,Alive
430044,71,Oak,Healthy,10.6,43,Yes,No,E,basalt,89,NA,17,109,NA,24,NA,Alive
430045,53,Alder,Healthy,5.7,43,Yes,No,E,basalt,123,NA,21,210,11,41,NA,Alive
430046,63,Alder,Healthy,5.5,43,Yes,No,E,basalt,155,4,19,196,17,40,NA,Alive
430047,50,Alder,Healthy,5.1,43,Yes,No,E,basalt,103,NA,15,177,10,27,NA,Alive
430048,80,Alder,Healthy,12.3,43,Yes,No,E,basalt,169,8,24,262,21,51,NA,Alive
430049,48,Oak,Healthy,8.9,43,Yes,No,E,basalt,48,NA,10,110,NA,11,NA,Alive
430050,80,Alder,Healthy,8.4,43,Yes,No,E,basalt,149,4,21,231,13,38,NA,Alive
430051,96.5,Alder,Vigorous,9.4,43,Yes,No,E,basalt,170,9,26,263,23,50,NA,Alive
430052,84,Birch,Healthy,6.1,43,Yes,No,E,basalt,119,NA,9,182,5,14,NA,Alive
430053,40,Alder,Healthy,4.6,43,Yes,No,E,basalt,119,NA,16,177,10,30,NA,Alive
430054,56,Alder,Healthy,6.1,43,Yes,No,E,basalt,145,4,18,234,16,40,NA,Alive
430055,54,Alder,Healthy,7.1,43,Yes,No,E,basalt,136,4,20,229,18,49,NA,Alive
430056,50,Alder,Healthy,6.3,43,Yes,No,E,basalt,129,NA,16,236,15,37,NA,Alive
430057,74,Alder,Healthy,8.5,43,Yes,No,E,basalt,177,8,25,303,24,59,NA,Alive
430058,76,Alder,Healthy,7.7,43,Yes,No,E,basalt,168,7,22,179,23,51,NA,Alive
430060,81,Alder,Vigorous,9.7,43,Yes,No,E,basalt,174,7,26,163,24,66,NA,Alive
430061,87,Birch,Healthy,6.4,43,Yes,No,E,basalt,189,5,21,327,17,34,NA,Alive
430062,47,Oak,Healthy,8.7,43,Yes,No,E,basalt,80,NA,13,91,NA,16,NA,Alive
430063,106,Birch,Vigorous,6.1,43,Yes,No,E,basalt,220,10,24,348,22,48,NA,Alive
430064,32,Birch,Healthy,3.5,43,Yes,No,E,basalt,143,3,14,223,8,22,NA,Alive
430065,89,Birch,Vigorous,6.2,43,Yes,No,E,basalt,220,8,21,326,14,38,NA,Alive
430066,70,Birch,Healthy,4.7,43,Yes,No,E,basalt,204,8,25,310,13,33,NA,Alive
430067,58,Oak,Healthy,9.7,43,Yes,No,E,basalt,96,NA,12,98,NA,16,NA,Alive
430068,77,Birch,Healthy,5.5,43,Yes,No,E,basalt,171,7,20,236,14,32,NA,Alive
430070,90,Birch,Healthy,5.7,43,Yes,No,E,basalt,165,3,16,226,7,24,NA,Alive
430071,62,Alder,Healthy,6.9,43,Yes,No,E,basalt,154,6,21,210,21,50,NA,Alive
430072,84,Birch,Healthy,6.1,43,Yes,No,E,basalt,160,3,18,217,11,26,NA,Alive
430073,107,Birch,Vigorous,7,43,Yes,No,E,basalt,210,9,26,332,21,45,NA,Alive
430074,74,Birch,Healthy,3.7,43,Yes,No,E,basalt,184,6,17,306,15,32,NA,Alive
430075,48,Birch,Healthy,3.4,43,Yes,No,E,basalt,156,4,13,270,13,31,NA,Alive
430076,67,Birch,Healthy,4.8,43,Yes,No,E,basalt,179,3,19,283,12,29,NA,Alive
430077,43,Oak,Healthy,5.3,43,Yes,No,E,basalt,65,NA,7,98,NA,10,NA,Alive
430078,70,Birch,Healthy,4.2,43,Yes,No,E,basalt,192,4,15,305,14,32,NA,Alive
430079,110.5,Birch,Vigorous,7.1,43,Yes,No,E,basalt,235,9,33,391,18,47,NA,Alive
430080,92,Birch,Healthy,5.8,43,Yes,No,E,basalt,167,3,19,257,12,31,NA,Alive
430081,69,Birch,Healthy,4.1,43,Yes,No,E,basalt,153,4,16,276,14,35,NA,Alive
430082,71,Oak,Healthy,15.4,43,Yes,No,E,basalt,128,NA,17,136,3,24,NA,Alive
430083,83,Birch,Healthy,5.2,43,Yes,No,E,basalt,192,9,23,282,16,32,NA,Alive
430084,89,Birch,Healthy,6,43,Yes,No,E,basalt,186,6,19,325,18,36,NA,Alive
430085,90,Birch,Healthy,9.8,43,Yes,No,E,basalt,206,7,21,284,15,30,NA,Alive
430087,77,Birch,Healthy,5,43,Yes,No,E,basalt,163,4,20,282,14,30,NA,Alive
430088,49,Birch,Healthy,10.7,43,Yes,No,E,basalt,92,NA,9,164,2,20,NA,Alive
430089,63,Birch,Healthy,4.2,43,Yes,No,E,basalt,196,6,17,258,9,25,NA,Alive
430090,28,Alder,Healthy,4.4,43,Yes,No,E,basalt,94,NA,12,173,8,25,NA,Alive
430091,59,Birch,Healthy,3.3,43,Yes,No,E,basalt,165,5,15,264,15,26,NA,Alive
430092,54.5,Cherry,Healthy,4.7,43,Yes,No,E,basalt,110,NA,9,148,4,12,NA,Alive
430093,78,Cherry,Healthy,8.5,43,Yes,No,E,basalt,100,NA,14,140,4,21,NA,Alive
430094,70,Cherry,Healthy,7,43,Yes,No,E,basalt,144,4,17,173,8,27,NA,Alive
430095,58.5,Alder,Healthy,7.8,43,Yes,No,E,basalt,133,3,19,240,15,26,NA,Alive
430096,84,Birch,Healthy,5.4,43,Yes,No,E,basalt,177,6,21,281,9,35,NA,Alive
430097,31.5,Alder,Healthy,5.5,43,Yes,No,E,basalt,97,NA,13,182,9,29,NA,Alive
430098,61,Birch,Healthy,4.2,43,Yes,No,E,basalt,128,NA,12,211,8,21,NA,Alive
430099,76,Birch,Healthy,4.9,43,Yes,No,E,basalt,191,6,17,206,12,28,NA,Alive
430100,73,Birch,Healthy,4,43,Yes,No,E,basalt,156,4,17,258,13,28,NA,Alive
460001,65.5,Cherry,Healthy,6.4,46,Yes,No,F,basalt,114,NA,11,157,3,15,NA,Alive
460002,82,Alder,Healthy,8,46,Yes,No,F,basalt,167,6,27,282,17,41,NA,Alive
460003,58,Cherry,Healthy,5.9,46,Yes,No,F,basalt,118,NA,14,137,1,15,NA,Alive
460004,104,Rowan,Healthy,9.3,46,Yes,No,F,basalt,240,11,24,298,14,28,NA,Alive
460005,51.5,Cherry,Healthy,5.5,46,Yes,No,F,basalt,135,4,13,146,2,12,NA,Alive
460006,100,Alder,Healthy,11.5,46,Yes,No,F,basalt,169,6,27,252,14,38,NA,Alive
460008,69,Cherry,Healthy,6.2,46,Yes,No,F,basalt,127,NA,19,151,1,21,NA,Alive
460009,78.5,Cherry,Healthy,9,46,Yes,No,F,basalt,149,4,24,168,7,26,NA,Alive
460010,61,Cherry,Healthy,5.2,46,Yes,No,F,basalt,128,NA,16,150,2,24,NA,Alive
460011,98,Alder,Healthy,12.8,46,Yes,No,F,basalt,149,5,29,243,22,52,NA,Alive
460012,87,Alder,Healthy,12,46,Yes,No,F,basalt,162,6,27,274,23,54,NA,Alive
460013,5.4,Alder,Healthy,5.4,46,Yes,No,F,basalt,99,NA,15,197,12,35,NA,Alive
460014,74,Birch,Healthy,5.5,46,Yes,No,F,basalt,158,5,17,222,10,27,NA,Alive
460015,68,Oak,Healthy,14.4,46,Yes,No,F,basalt,105,NA,21,129,NA,26,NA,Alive
460016,80,Cherry,Healthy,7.1,46,Yes,No,F,basalt,129,NA,15,141,3,21,NA,Alive
460017,93,Birch,Healthy,7,46,Yes,No,F,basalt,188,7,23,300,19,41,NA,Alive
460018,62,Cherry,Healthy,6.1,46,Yes,No,F,basalt,106,NA,14,129,NA,19,NA,Alive
460020,93,Cherry,Healthy,9.8,46,Yes,No,F,basalt,203,10,25,226,14,36,NA,Alive
460022,73,Oak,Healthy,21.6,46,Yes,No,F,basalt,122,NA,24,113,NA,27,NA,Alive
460023,80.5,Cherry,Healthy,9.3,46,Yes,No,F,basalt,187,7,21,214,14,37,NA,Alive
460024,69.5,Cherry,Healthy,6.9,46,Yes,No,F,basalt,148,5,15,181,10,28,NA,Alive
460025,75,Birch,Healthy,5.5,46,Yes,No,F,basalt,146,3,19,271,10,34,NA,Alive
460026,84.5,Birch,Healthy,7.4,46,Yes,No,F,basalt,220,9,21,233,9,31,NA,Alive
460027,78.5,Cherry,Healthy,8,46,Yes,No,F,basalt,147,5,17,170,7,24,NA,Alive
460028,88,Alder,Healthy,11.9,46,Yes,No,F,basalt,181,9,26,277,24,47,NA,Alive
460029,67,Alder,Healthy,9.2,46,Yes,No,F,basalt,151,6,15,259,16,37,NA,Alive
460030,88,Alder,Healthy,13.3,46,Yes,No,F,basalt,174,9,31,274,26,54,NA,Alive
460031,103,Birch,Healthy,8.6,46,Yes,No,F,basalt,232,10,26,258,12,25,NA,Alive
460032,100,Birch,Healthy,7.2,46,Yes,No,F,basalt,197,9,25,325,22,36,NA,Alive
460033,75,Aspen,Healthy,5.6,46,Yes,No,F,basalt,166,4,13,256,11,21,NA,Alive
460034,83,Aspen,Healthy,5.1,46,Yes,No,F,basalt,162,4,11,194,8,20,NA,Alive
460035,97,Birch,Healthy,8.5,46,Yes,No,F,basalt,180,5,35,210,10,33,NA,Alive
460036,107,Birch,Healthy,7.9,46,Yes,No,F,basalt,227,9,26,318,18,42,NA,Alive
460037,98,Birch,Healthy,6.8,46,Yes,No,F,basalt,182,5,24,291,13,33,NA,Alive
460038,95,Birch,Healthy,7.8,46,Yes,No,F,basalt,199,8,25,317,17,35,NA,Alive
460039,87,Aspen,Healthy,3.8,46,Yes,No,F,basalt,193,6,15,211,13,20,NA,Alive
460040,82,Birch,Healthy,5.4,46,Yes,No,F,basalt,178,5,21,272,18,27,NA,Alive
460041,102.5,Birch,Healthy,7.2,46,Yes,No,F,basalt,225,10,21,291,14,39,NA,Alive
460042,107.5,Birch,Healthy,7.4,46,Yes,No,F,basalt,196,8,21,275,14,35,NA,Alive
460043,84,Birch,Healthy,7,46,Yes,No,F,basalt,194,6,20,315,18,33,NA,Alive
460044,89,Rowan,Healthy,8.1,46,Yes,No,F,basalt,215,10,20,284,17,27,NA,Alive
460045,105,Birch,Healthy,8.8,46,Yes,No,F,basalt,199,7,21,278,14,33,NA,Alive
460047,42,Oak,Healthy,6,46,Yes,No,F,basalt,123,NA,9,124,NA,11,NA,Alive
460048,64,Cherry,Healthy,6,46,Yes,No,F,basalt,137,4,11,154,6,15,NA,Alive
460049,63,Cherry,Healthy,5.7,46,Yes,No,F,basalt,112,NA,12,129,NA,15,NA,Alive
460050,89,Birch,Healthy,6.9,46,Yes,No,F,basalt,204,9,23,276,14,35,NA,Alive
460051,100.5,Alder,Vigorous,13.3,46,Yes,No,F,basalt,201,10,35,283,27,60,NA,Alive
460052,87,Alder,Healthy,11.1,46,Yes,No,F,basalt,160,6,31,258,22,58,NA,Alive
460053,63.5,Alder,Healthy,7.3,46,Yes,No,F,basalt,146,4,21,282,27,48,NA,Alive
460054,87,Alder,Healthy,10.3,46,Yes,No,F,basalt,170,8,25,268,21,53,NA,Alive
460055,107.5,Rowan,Healthy,10.2,46,Yes,No,F,basalt,184,8,17,243,14,26,NA,Alive
460056,40,Alder,Healthy,4.7,46,Yes,No,F,basalt,100,NA,14,178,9,45,NA,Alive
460058,33,Birch,Healthy,4,46,Yes,No,F,basalt,113,NA,16,151,4,24,NA,Alive
460059,106.5,Birch,Healthy,6.7,46,Yes,No,F,basalt,202,8,25,286,15,36,NA,Alive
460060,53.5,Birch,Healthy,4.1,46,Yes,No,F,basalt,191,6,22,273,15,41,NA,Alive
460061,94,Birch,Vigorous,7.4,46,Yes,No,F,basalt,198,8,27,280,14,39,NA,Alive
460062,115.5,Birch,Healthy,6.5,46,Yes,No,F,basalt,184,6,20,261,10,28,NA,Alive
460063,68.5,Cherry,Healthy,6.8,46,Yes,No,F,basalt,140,5,18,168,8,24,NA,Alive
460064,49.5,Cherry,Healthy,5.5,46,Yes,No,F,basalt,91,NA,13,116,NA,14,NA,Alive
460065,70,Cherry,Healthy,7,46,Yes,No,F,basalt,120,NA,19,128,NA,25,NA,Alive
460066,38.5,Cherry,Healthy,4.7,46,Yes,No,F,basalt,107,NA,13,132,3,18,NA,Alive
460067,69.5,Alder,Healthy,8.4,46,Yes,No,F,basalt,159,6,36,281,22,61,NA,Alive
460069,78,Alder,Healthy,9.9,46,Yes,No,F,basalt,177,9,32,269,23,50,NA,Alive
460070,112.5,Rowan,Healthy,10.5,46,Yes,No,F,basalt,243,12,25,302,17,37,NA,Alive
460071,32.5,Birch,Healthy,3.2,46,Yes,No,F,basalt,126,NA,13,181,2,14,NA,Alive
460073,66.5,Alder,Healthy,7.6,46,Yes,No,F,basalt,137,3,21,219,17,47,NA,Alive
460075,83,Birch,Healthy,6,46,Yes,No,F,basalt,178,7,19,262,11,28,NA,Alive
460076,76,Alder,Healthy,8.1,46,Yes,No,F,basalt,144,4,25,242,21,50,NA,Alive
460077,73,Alder,Healthy,9.4,46,Yes,No,F,basalt,125,NA,22,213,15,43,NA,Alive
460079,82.5,Alder,Healthy,9.1,46,Yes,No,F,basalt,160,7,24,284,27,47,NA,Alive
460080,90.5,Birch,Healthy,7.3,46,Yes,No,F,basalt,178,8,24,307,19,35,NA,Alive
460081,65,Cherry,Healthy,6.5,46,Yes,No,F,basalt,90,NA,11,124,NA,17,NA,Alive
460083,77,Cherry,Healthy,8.1,46,Yes,No,F,basalt,144,5,19,167,7,23,NA,Alive
460084,107,Alder,Healthy,12.8,46,Yes,No,F,basalt,190,11,31,295,25,52,NA,Alive
460085,73,Alder,Healthy,9.8,46,Yes,No,F,basalt,133,3,25,221,16,55,NA,Alive
460086,93,Alder,Healthy,11.3,46,Yes,No,F,basalt,157,7,26,253,18,47,NA,Alive
460087,103,Birch,Healthy,7.7,46,Yes,No,F,basalt,223,9,22,365,21,43,NA,Alive
460088,38,Alder,Healthy,4.9,46,Yes,No,F,basalt,85,NA,9,83,NA,10,NA,Alive
460089,131,Cherry,Healthy,11.6,46,Yes,No,F,basalt,163,5,20,190,7,29,NA,Alive
460090,51,Alder,Healthy,6.6,46,Yes,No,F,basalt,119,NA,21,213,14,43,NA,Alive
460091,47,Birch,Healthy,6.2,46,Yes,No,F,basalt,146,3,19,165,5,27,NA,Alive
460092,99,Birch,Healthy,8.1,46,Yes,No,F,basalt,216,10,26,334,17,40,NA,Alive
460093,90,Birch,Healthy,7.5,46,Yes,No,F,basalt,208,9,26,285,14,37,NA,Alive
460094,100.5,Birch,Vigorous,8.2,46,Yes,No,F,basalt,183,5,27,274,15,37,NA,Alive
460095,65,Cherry,Healthy,6.5,46,Yes,No,F,basalt,119,NA,17,144,4,25,NA,Alive
460096,76.5,Rowan,Healthy,8.8,46,Yes,No,F,basalt,221,10,21,275,16,31,NA,Alive
460097,31.5,Cherry,Healthy,3.7,46,Yes,No,F,basalt,93,NA,10,121,NA,13,NA,Alive
460098,59.5,Cherry,Healthy,6.1,46,Yes,No,F,basalt,141,4,16,175,10,21,NA,Alive
460099,51.5,Cherry,Healthy,5.3,46,Yes,No,F,basalt,132,4,15,158,7,17,NA,Alive
460100,81,Cherry,Healthy,8.1,46,Yes,No,F,basalt,119,NA,18,124,NA,25,NA,Alive
460101,51.5,Cherry,Healthy,5.7,46,Yes,No,F,basalt,134,3,18,152,4,29,NA,Alive
470001,46,Alder,Healthy,4.8,47,No,No,F,control,110,NA,18,186,12,47,NA,Alive
470002,54,Birch,Healthy,3.5,47,No,No,F,control,188,10,24,279,19,37,NA,Alive
470003,43,Birch,Healthy,4.7,47,No,No,F,control,139,3,14,208,9,22,NA,Alive
470004,57,Alder,Healthy,6.7,47,No,No,F,control,127,NA,21,203,13,35,NA,Alive
470005,64,Birch,Healthy,4.6,47,No,No,F,control,204,9,23,342,20,41,NA,Alive
470006,62,Cherry,Healthy,8.9,47,No,No,F,control,130,5,15,159,7,21,NA,Alive
470007,51.5,Alder,Healthy,6.9,47,No,No,F,control,89,NA,15,137,4,30,NA,Alive
470008,87.5,Rowan,Healthy,9.7,47,No,No,F,control,150,7,17,210,13,25,NA,Alive
470009,55.5,Birch,Healthy,3.2,47,No,No,F,control,123,NA,9,244,10,22,NA,Alive
470010,35,Oak,Healthy,8.6,47,No,No,F,control,37,NA,9,77,NA,10,NA,Alive
470011,37.5,Birch,Healthy,3.6,47,No,No,F,control,155,4,17,234,10,27,NA,Alive
470012,54,Birch,Healthy,4.3,47,No,No,F,control,164,4,20,255,13,37,NA,Alive
470013,53,Birch,Healthy,2.6,47,No,No,F,control,148,3,17,199,6,26,NA,Alive
470014,80.5,Aspen,Vigorous,4.2,47,No,No,F,control,158,5,10,174,6,16,NA,Alive
470015,84,Aspen,Healthy,6.8,47,No,No,F,control,191,7,14,211,12,22,NA,Alive
470016,28.5,Birch,Healthy,2.2,47,No,No,F,control,144,4,14,215,11,22,NA,Alive
470017,46,Birch,Healthy,4.6,47,No,No,F,control,160,5,20,249,13,31,NA,Alive
470018,21,Alder,Healthy,3,47,No,No,F,control,115,NA,18,206,15,39,NA,Alive
470019,46,Alder,Healthy,5.9,47,No,No,F,control,86,NA,11,144,5,21,NA,Alive
470020,49.5,Alder,Healthy,5,47,No,No,F,control,120,NA,20,190,11,36,NA,Alive
470021,49,Oak,Healthy,6,47,No,No,F,control,105,NA,9,96,NA,11,NA,Alive
470022,87,Cherry,Vigorous,7.6,47,No,No,F,control,150,5,26,181,11,32,NA,Alive
470024,77,Cherry,Healthy,8.9,47,No,No,F,control,164,6,24,197,10,26,NA,Alive
470025,65,Cherry,Healthy,6,47,No,No,F,control,140,2,20,165,7,21,NA,Alive
470026,71,Cherry,Vigorous,5.5,47,No,No,F,control,161,5,27,161,9,21,NA,Alive
470027,84,Cherry,Healthy,6.6,47,No,No,F,control,203,10,22,204,12,29,NA,Alive
470028,88,Cherry,Vigorous,6.6,47,No,No,F,control,189,9,28,229,14,37,NA,Alive
470029,71,Cherry,Vigorous,7.2,47,No,No,F,control,160,4,16,172,8,24,NA,Alive
470030,79,Cherry,Vigorous,7.9,47,No,No,F,control,163,7,17,169,8,20,NA,Alive
470031,76.5,Cherry,Healthy,8.1,47,No,No,F,control,161,7,21,164,12,23,NA,Alive
470033,48,Alder,Healthy,5,47,No,No,F,control,149,5,19,242,17,40,NA,Alive
470034,81,Cherry,Vigorous,11.7,47,No,No,F,control,199,8,38,225,12,41,NA,Alive
470035,42.5,Alder,Healthy,5.5,47,No,No,F,control,142,5,20,236,14,32,NA,Alive
470036,53.5,Cherry,Healthy,7.6,47,No,No,F,control,152,5,20,164,8,21,NA,Alive
470037,47.5,Oak,Healthy,6.3,47,No,No,F,control,93,NA,11,107,NA,15,NA,Alive
470038,44,Alder,Healthy,4.1,47,No,No,F,control,126,NA,19,208,12,38,NA,Alive
470039,43,Alder,Healthy,6.6,47,No,No,F,control,114,NA,15,187,12,33,NA,Alive
470040,52.5,Alder,Healthy,4.4,47,No,No,F,control,160,5,24,239,16,41,NA,Alive
470041,24.5,Alder,Healthy,3.6,47,No,No,F,control,140,4,20,248,17,35,NA,Alive
470042,52,Alder,Healthy,4.4,47,No,No,F,control,133,4,17,221,13,35,NA,Alive
470043,0.5,Cherry,Healthy,4.9,47,No,No,F,control,128,NA,13,138,4,17,NA,Alive
470044,69.5,Alder,Vigorous,7.5,47,No,No,F,control,164,6,25,254,19,41,NA,Alive
470045,74,Aspen,Vigorous,4.6,47,No,No,F,control,160,4,12,162,3,17,NA,Alive
470046,78,Cherry,Vigorous,5.5,47,No,No,F,control,165,6,24,180,9,28,NA,Alive
470047,80.5,Cherry,Vigorous,7.8,47,No,No,F,control,174,6,28,193,11,27,NA,Alive
470048,33,Alder,Healthy,7.9,47,No,No,F,control,100,NA,16,171,9,34,NA,Alive
470049,52,Aspen,Healthy,5.2,47,No,No,F,control,144,5,13,190,9,22,NA,Alive
470050,54,Oak,Healthy,7.6,47,No,No,F,control,108,NA,12,108,NA,17,NA,Alive
470051,46.5,Alder,Healthy,6.6,47,No,No,F,control,123,NA,19,224,12,33,NA,Alive
470052,69,Birch,Vigorous,4.4,47,No,No,F,control,212,11,28,304,19,42,NA,Alive
470053,47.5,Alder,Healthy,5.6,47,No,No,F,control,122,NA,18,191,12,33,NA,Alive
470054,50.5,Alder,Vigorous,5,47,No,No,F,control,123,NA,19,199,11,34,NA,Alive
470056,19.5,Birch,Healthy,3.5,47,No,No,F,control,130,3,18,190,8,28,NA,Alive
470057,28.5,Alder,Healthy,3.9,47,No,No,F,control,120,NA,15,180,8,25,NA,Alive
470058,40.5,Birch,Healthy,3,47,No,No,F,control,176,7,23,267,15,39,NA,Alive
470059,59,Birch,Healthy,3.6,47,No,No,F,control,194,7,21,297,14,38,NA,Alive
470060,63,Alder,Vigorous,6.8,47,No,No,F,control,169,8,28,265,23,46,NA,Alive
470061,15,Alder,Healthy,3.9,47,No,No,F,control,100,NA,15,159,9,31,NA,Alive
470062,67.5,Birch,Vigorous,3.8,47,No,No,F,control,179,10,25,260,16,36,NA,Alive
470064,53.5,Alder,Healthy,5.1,47,No,No,F,control,132,4,22,210,14,38,NA,Alive
470065,55.5,Birch,Healthy,3.4,47,No,No,F,control,204,7,25,278,14,31,NA,Alive
470066,46,Oak,Healthy,8.3,47,No,No,F,control,100,NA,11,112,NA,16,NA,Alive
470067,69.5,Oak,Vigorous,12.3,47,No,No,F,control,60,NA,26,103,NA,19,NA,Alive
470068,55.5,Birch,Healthy,3.6,47,No,No,F,control,180,7,22,304,15,32,NA,Alive
470071,58,Birch,Healthy,4.2,47,No,No,F,control,178,5,18,194,7,21,NA,Alive
470072,29.5,Alder,Healthy,4.2,47,No,No,F,control,99,NA,17,170,11,33,NA,Alive
470073,79,Alder,Vigorous,7.6,47,No,No,F,control,160,6,25,251,19,44,NA,Alive
470074,65,Birch,Vigorous,5,47,No,No,F,control,184,7,25,174,18,36,NA,Alive
470076,67,Birch,Healthy,4.9,47,No,No,F,control,195,10,19,289,11,25,NA,Alive
470077,67,Aspen,Healthy,3.6,47,No,No,F,control,128,NA,14,144,2,14,NA,Alive
470078,41,Birch,Healthy,3.5,47,No,No,F,control,148,4,18,246,13,33,NA,Alive
470079,69,Birch,Healthy,6.7,47,No,No,F,control,168,9,23,257,19,38,NA,Alive
470080,52,Aspen,Healthy,4.5,47,No,No,F,control,160,7,17,264,14,26,NA,Alive
470081,69,Cherry,Vigorous,7.1,47,No,No,F,control,90,NA,15,109,NA,18,NA,Alive
470082,57.5,Oak,Healthy,9.2,47,No,No,F,control,123,NA,14,142,2,21,NA,Alive
470083,44.5,Birch,Healthy,3.3,47,No,No,F,control,175,6,18,212,9,24,NA,Alive
470084,87,Cherry,Healthy,7.5,47,No,No,F,control,134,4,23,136,7,26,NA,Alive
470085,56,Birch,Healthy,4.5,47,No,No,F,control,179,9,19,256,14,32,NA,Alive
470086,66,Aspen,Vigorous,4.1,47,No,No,F,control,178,6,20,248,9,29,NA,Alive
470087,63,Aspen,Healthy,4.1,47,No,No,F,control,118,NA,15,149,3,12,NA,Alive
470088,70,Alder,Healthy,7.9,47,No,No,F,control,123,NA,21,158,8,33,NA,Alive
470089,46,Oak,Healthy,6.5,47,No,No,F,control,103,NA,9,125,NA,13,NA,Alive
470090,77.5,Cherry,Vigorous,9.6,47,No,No,F,control,146,4,23,175,8,31,NA,Alive
470091,75,Rowan,Vigorous,7.2,47,No,No,F,control,181,10,18,225,12,23,NA,Alive
470092,49.5,Oak,Healthy,7.5,47,No,No,F,control,106,NA,11,119,NA,13,NA,Alive
470093,55.5,Cherry,Healthy,4.8,47,No,No,F,control,118,NA,14,121,NA,17,NA,Alive
470094,64.5,Cherry,Vigorous,5,47,No,No,F,control,86,NA,11,90,NA,10,NA,Alive
470095,71.5,Birch,Vigorous,4,47,No,No,F,control,187,6,16,264,10,27,NA,Alive
470097,54.5,Birch,Healthy,3.7,47,No,No,F,control,164,4,14,205,9,21,NA,Alive
470098,68,Alder,Healthy,8.8,47,No,No,F,control,136,3,21,206,11,36,NA,Alive
470099,64,Birch,Healthy,4.9,47,No,No,F,control,220,12,20,278,11,33,NA,Alive
470100,62,Aspen,Healthy,3.5,47,No,No,F,control,178,5,11,239,9,17,NA,Alive
490002,87,Birch,Healthy,5.6,49,Yes,Yes,F,basalt+microbiome,178,6,21,242,10,28,NA,Alive
490004,73,Birch,Healthy,4.2,49,Yes,Yes,F,basalt+microbiome,149,2,14,177,5,16,NA,Alive
490005,35.5,Oak,Healthy,5.4,49,Yes,Yes,F,basalt+microbiome,111,NA,10,107,NA,15,NA,Alive
490006,71,Oak,Healthy,16.5,49,Yes,Yes,F,basalt+microbiome,70,NA,6,114,NA,20,NA,Alive
490007,57,Oak,Healthy,10,49,Yes,Yes,F,basalt+microbiome,88,NA,11,122,NA,14,NA,Alive
490008,70,Rowan,Healthy,7.4,49,Yes,Yes,F,basalt+microbiome,157,7,29,210,10,28,NA,Alive
490009,87,Birch,Healthy,5.8,49,Yes,Yes,F,basalt+microbiome,167,6,21,215,7,26,NA,Alive
490010,90,Birch,Healthy,6.4,49,Yes,Yes,F,basalt+microbiome,177,4,17,215,8,26,NA,Alive
490011,68,Birch,Healthy,5.1,49,Yes,Yes,F,basalt+microbiome,170,3,21,196,4,27,NA,Alive
490012,79,Birch,Healthy,5.3,49,Yes,Yes,F,basalt+microbiome,144,2,20,178,4,28,NA,Alive
490013,99,Rowan,Healthy,7.6,49,Yes,Yes,F,basalt+microbiome,146,5,18,205,9,23,NA,Alive
490014,67,Cherry,Healthy,7.1,49,Yes,Yes,F,basalt+microbiome,149,6,20,171,9,26,NA,Alive
490015,91,Birch,Healthy,6.4,49,Yes,Yes,F,basalt+microbiome,214,7,17,321,13,24,NA,Alive
490016,91,Birch,Healthy,8.2,49,Yes,Yes,F,basalt+microbiome,189,4,20,220,8,29,NA,Alive
490017,86.5,Birch,Healthy,5.3,49,Yes,Yes,F,basalt+microbiome,163,4,13,240,9,31,NA,Alive
490018,56,Cherry,Healthy,5.3,49,Yes,Yes,F,basalt+microbiome,113,NA,12,134,3,21,NA,Alive
490019,66,Cherry,Healthy,6.4,49,Yes,Yes,F,basalt+microbiome,112,NA,13,142,4,19,NA,Alive
490020,40,Oak,Healthy,7.8,49,Yes,Yes,F,basalt+microbiome,75,NA,12,89,NA,14,NA,Alive
490021,44,Oak,Healthy,9.5,49,Yes,Yes,F,basalt+microbiome,112,NA,12,117,NA,16,NA,Alive
490022,47,Oak,Healthy,6,49,Yes,Yes,F,basalt+microbiome,100,NA,10,113,NA,16,NA,Alive
490023,80,Alder,Healthy,9.2,49,Yes,Yes,F,basalt+microbiome,139,3,21,162,7,38,NA,Alive
490024,73,Alder,Healthy,10.4,49,Yes,Yes,F,basalt+microbiome,140,3,22,221,12,41,NA,Alive
490025,30,Alder,Healthy,4.7,49,Yes,Yes,F,basalt+microbiome,99,NA,15,163,9,39,NA,Alive
490026,70,Alder,Healthy,7.8,49,Yes,Yes,F,basalt+microbiome,147,5,18,226,14,36,NA,Alive
490027,68.5,Alder,Healthy,6.7,49,Yes,Yes,F,basalt+microbiome,137,5,26,224,13,35,NA,Alive
490028,68,Alder,Healthy,7,49,Yes,Yes,F,basalt+microbiome,141,5,18,195,11,39,NA,Alive
490029,82,Alder,Healthy,9.3,49,Yes,Yes,F,basalt+microbiome,138,5,17,195,11,37,NA,Alive
490030,31.5,Aspen,Healthy,3.3,49,Yes,Yes,F,basalt+microbiome,133,8,1,158,4,15,NA,Alive
490031,65,Cherry,Healthy,6.6,49,Yes,Yes,F,basalt+microbiome,115,7,14,158,8,17,NA,Alive
490032,98,Birch,Healthy,5.6,49,Yes,Yes,F,basalt+microbiome,149,4,13,170,4,15,NA,Alive
490033,80,Birch,Healthy,5.2,49,Yes,Yes,F,basalt+microbiome,159,4,14,211,7,19,NA,Alive
490034,61.5,Cherry,Healthy,6.6,49,Yes,Yes,F,basalt+microbiome,109,NA,12,127,NA,20,NA,Alive
490035,91,Birch,Healthy,6.1,49,Yes,Yes,F,basalt+microbiome,169,4,18,250,10,35,NA,Alive
490036,64,Cherry,Healthy,7.2,49,Yes,Yes,F,basalt+microbiome,111,NA,12,133,3,23,NA,Alive
490037,102.5,Birch,Healthy,6.6,49,Yes,Yes,F,basalt+microbiome,189,6,17,282,14,40,NA,Alive
490038,92,Birch,Healthy,5.8,49,Yes,Yes,F,basalt+microbiome,161,5,16,268,12,32,NA,Alive
490039,60.5,Cherry,Healthy,5.6,49,Yes,Yes,F,basalt+microbiome,157,7,14,195,10,20,NA,Alive
490041,44,Oak,Healthy,6.4,49,Yes,Yes,F,basalt+microbiome,101,NA,9,102,NA,10,NA,Alive
490042,37,Oak,Healthy,6.8,49,Yes,Yes,F,basalt+microbiome,85,NA,9,100,NA,13,NA,Alive
490043,64,Oak,Healthy,16.4,49,Yes,Yes,F,basalt+microbiome,83,NA,16,110,NA,19,NA,Alive
490044,82,Birch,Healthy,6.5,49,Yes,Yes,F,basalt+microbiome,159,4,15,218,8,25,NA,Alive
490045,76,Birch,Healthy,7.3,49,Yes,Yes,F,basalt+microbiome,150,17,4,233,11,23,NA,Alive
490046,77,Birch,Healthy,5.7,49,Yes,Yes,F,basalt+microbiome,150,3,13,200,5,17,NA,Alive
490047,70,Birch,Healthy,4.7,49,Yes,Yes,F,basalt+microbiome,171,4,15,219,7,21,NA,Alive
490048,79,Birch,Healthy,6.2,49,Yes,Yes,F,basalt+microbiome,153,3,16,224,8,24,NA,Alive
490049,83,Birch,Healthy,5.5,49,Yes,Yes,F,basalt+microbiome,193,7,24,265,14,25,NA,Alive
490050,88,Birch,Healthy,6.6,49,Yes,Yes,F,basalt+microbiome,175,7,19,274,15,33,NA,Alive
490051,90,Birch,Healthy,6,49,Yes,Yes,F,basalt+microbiome,179,8,18,249,13,29,NA,Alive
490052,88,Rowan,Healthy,7.2,49,Yes,Yes,F,basalt+microbiome,181,8,16,226,13,22,NA,Alive
490053,52,Birch,Healthy,4.6,49,Yes,Yes,F,basalt+microbiome,156,1,17,185,6,20,NA,Alive
490054,88.5,Birch,Healthy,6.6,49,Yes,Yes,F,basalt+microbiome,180,1,21,258,12,30,NA,Alive
490055,63,Birch,Healthy,15,49,Yes,Yes,F,basalt+microbiome,79,NA,6,123,NA,11,NA,Alive
490056,42,Oak,Healthy,5,49,Yes,Yes,F,basalt+microbiome,90,NA,7,87,NA,10,NA,Alive
490057,74.5,Oak,Healthy,10.9,49,Yes,Yes,F,basalt+microbiome,77,NA,14,94,NA,20,NA,Alive
490058,36,Oak,Healthy,7.9,49,Yes,Yes,F,basalt+microbiome,88,NA,12,101,NA,13,NA,Alive
490059,90.5,Birch,Healthy,6.7,49,Yes,Yes,F,basalt+microbiome,188,8,21,270,16,30,NA,Alive
490060,86,Birch,Healthy,5.1,49,Yes,Yes,F,basalt+microbiome,155,5,15,257,12,30,NA,Alive
490061,92,Birch,Healthy,7.8,49,Yes,Yes,F,basalt+microbiome,179,6,23,282,14,31,NA,Alive
490062,83.5,Rowan,Healthy,10.2,49,Yes,Yes,F,basalt+microbiome,160,7,17,220,10,24,NA,Alive
490063,60,Oak,Healthy,9.2,49,Yes,Yes,F,basalt+microbiome,62,NA,11,150,4,14,NA,Alive
490064,47.5,Oak,Healthy,13,49,Yes,Yes,F,basalt+microbiome,86,NA,20,123,NA,23,NA,Alive
490065,58,Oak,Healthy,14.9,49,Yes,Yes,F,basalt+microbiome,61,NA,15,103,NA,20,NA,Alive
490066,94.5,Alder,Vigorous,11,49,Yes,Yes,F,basalt+microbiome,181,9,27,306,25,50,NA,Alive
490067,65.5,Birch,Healthy,5.6,49,Yes,Yes,F,basalt+microbiome,169,4,17,205,8,28,NA,Alive
490068,93,Rowan,Healthy,14.6,49,Yes,Yes,F,basalt+microbiome,186,9,22,254,15,30,NA,Alive
490069,79,Birch,Healthy,5.5,49,Yes,Yes,F,basalt+microbiome,145,3,14,212,8,21,NA,Alive
490070,54.5,Birch,Healthy,4.9,49,Yes,Yes,F,basalt+microbiome,147,3,14,220,7,18,NA,Alive
490071,69,Alder,Healthy,9.3,49,Yes,Yes,F,basalt+microbiome,110,NA,18,167,8,31,NA,Alive
490072,58.5,Alder,Healthy,5.9,49,Yes,Yes,F,basalt+microbiome,122,NA,16,188,10,32,NA,Alive
490073,60,Oak,Healthy,18.2,49,Yes,Yes,F,basalt+microbiome,61,NA,1,110,NA,14,NA,Alive
490074,65.5,Oak,Healthy,13.9,49,Yes,Yes,F,basalt+microbiome,75,NA,14,107,NA,22,NA,Alive
490075,63,Oak,Healthy,11.5,49,Yes,Yes,F,basalt+microbiome,62,NA,1,65,NA,16,NA,Alive
490076,95,Alder,Healthy,9.6,49,Yes,Yes,F,basalt+microbiome,146,4,20,211,13,39,NA,Alive
490078,45,Alder,Healthy,7.2,49,Yes,Yes,F,basalt+microbiome,124,NA,20,198,12,35,NA,Alive
490079,72,Alder,Healthy,8.5,49,Yes,Yes,F,basalt+microbiome,139,4,20,221,15,44,NA,Alive
490080,101.5,Rowan,Healthy,10,49,Yes,Yes,F,basalt+microbiome,183,8,20,237,10,28,NA,Alive
490081,73,Alder,Healthy,7.6,49,Yes,Yes,F,basalt+microbiome,147,6,21,232,16,41,NA,Alive
490082,69,Alder,Healthy,6.6,49,Yes,Yes,F,basalt+microbiome,122,NA,18,177,9,34,NA,Alive
490084,51,Alder,Healthy,6,49,Yes,Yes,F,basalt+microbiome,110,NA,17,162,8,31,NA,Alive
490085,70,Alder,Healthy,8.1,49,Yes,Yes,F,basalt+microbiome,138,4,17,195,12,37,NA,Alive
490086,89,Rowan,Healthy,6.8,49,Yes,Yes,F,basalt+microbiome,141,6,21,189,10,27,NA,Alive
490087,82,Birch,Healthy,6.5,49,Yes,Yes,F,basalt+microbiome,185,9,24,272,22,43,NA,Alive
490088,86.5,Birch,Healthy,6.4,49,Yes,Yes,F,basalt+microbiome,120,NA,10,221,10,22,NA,Alive
490089,83,Birch,Healthy,5.7,49,Yes,Yes,F,basalt+microbiome,177,6,16,285,11,31,NA,Alive
490090,80,Birch,Healthy,5.5,49,Yes,Yes,F,basalt+microbiome,165,6,18,256,10,26,NA,Alive
490091,91,Birch,Healthy,8.7,49,Yes,Yes,F,basalt+microbiome,161,6,19,222,12,33,NA,Alive
490092,87,Aspen,Healthy,6.4,49,Yes,Yes,F,basalt+microbiome,147,4,12,152,5,13,NA,Alive
490093,84,Birch,Healthy,6.3,49,Yes,Yes,F,basalt+microbiome,137,3,13,231,13,24,NA,Alive
490094,73,Birch,Healthy,5.7,49,Yes,Yes,F,basalt+microbiome,101,NA,11,155,3,15,NA,Alive
490095,100,Birch,Healthy,7.1,49,Yes,Yes,F,basalt+microbiome,167,4,13,301,16,27,NA,Alive
490096,75,Aspen,Healthy,4.8,49,Yes,Yes,F,basalt+microbiome,104,NA,10,129,NA,10,NA,Alive
490097,61,Aspen,Healthy,4,49,Yes,Yes,F,basalt+microbiome,117,NA,9,149,3,11,NA,Alive
490098,74,Alder,Healthy,9,49,Yes,Yes,F,basalt+microbiome,109,NA,19,170,8,27,NA,Alive
490099,77,Cherry,Healthy,7.4,49,Yes,Yes,F,basalt+microbiome,91,NA,11,106,NA,13,NA,Alive
490100,66,Cherry,Healthy,7.1,49,Yes,Yes,F,basalt+microbiome,87,NA,1,120,NA,12,NA,Alive
520001,59,Cherry,Healthy,8.2,52,No,Yes,F,microbiome,110,NA,15,123,NA,21,NA,Alive
520002,63,Birch,Healthy,3.9,52,No,Yes,F,microbiome,147,4,17,207,7,22,NA,Alive
520003,67,Cherry,Healthy,5.6,52,No,Yes,F,microbiome,106,NA,19,112,NA,18,NA,Alive
520004,67,Cherry,Healthy,6.1,52,No,Yes,F,microbiome,132,4,16,152,7,21,NA,Alive
520005,79,Birch,Healthy,5,52,No,Yes,F,microbiome,153,3,14,147,5,17,NA,Alive
520006,59,Birch,Healthy,2.9,52,No,Yes,F,microbiome,136,2,10,187,6,12,NA,Alive
520007,79,Cherry,Healthy,8.9,52,No,Yes,F,microbiome,158,5,23,176,8,27,NA,Alive
520010,92,Rowan,Healthy,10,52,No,Yes,F,microbiome,154,5,17,194,7,20,NA,Alive
520011,45,Aspen,Healthy,3.2,52,No,Yes,F,microbiome,107,NA,10,140,3,14,NA,Alive
520012,14,Birch,Healthy,3.6,52,No,Yes,F,microbiome,82,NA,8,134,3,10,NA,Alive
520014,110,Rowan,Healthy,8.6,52,No,Yes,F,microbiome,149,6,18,238,13,25,NA,Alive
520015,76,Birch,Healthy,3.9,52,No,Yes,F,microbiome,156,4,13,226,7,16,NA,Alive
520016,72,Alder,Healthy,5.4,52,No,Yes,F,microbiome,144,6,14,232,18,52,NA,Alive
520017,60,Cherry,Healthy,4.9,52,No,Yes,F,microbiome,116,NA,15,133,3,21,NA,Alive
520018,56,Alder,Healthy,5.5,52,No,Yes,F,microbiome,120,NA,16,194,11,32,NA,Alive
520019,64,Alder,Healthy,6.5,52,No,Yes,F,microbiome,130,4,20,194,11,33,NA,Alive
520020,89,Alder,Healthy,8.2,52,No,Yes,F,microbiome,163,7,29,217,14,48,NA,Alive
520021,48,Birch,Healthy,3.5,52,No,Yes,F,microbiome,120,NA,10,146,3,13,NA,Alive
520022,127,Rowan,Healthy,10.8,52,No,Yes,F,microbiome,177,8,16,229,9,22,NA,Alive
520023,70,Oak,Healthy,8.3,52,No,Yes,F,microbiome,129,NA,15,131,2,23,NA,Alive
520024,95,Birch,Healthy,6.8,52,No,Yes,F,microbiome,118,NA,9,113,NA,6,NA,Alive
520025,84,Alder,Healthy,9,52,No,Yes,F,microbiome,147,5,20,226,15,40,NA,Alive
520026,71,Alder,Healthy,7.9,52,No,Yes,F,microbiome,132,4,20,192,10,35,NA,Alive
520027,66,Oak,Healthy,6.5,52,No,Yes,F,microbiome,66,NA,13,89,NA,22,NA,Alive
520028,62,Oak,Healthy,9.1,52,No,Yes,F,microbiome,127,NA,14,182,7,24,NA,Alive
520029,60,Birch,Healthy,5.2,52,No,Yes,F,microbiome,116,NA,15,180,6,18,NA,Alive
520030,84,Birch,Healthy,5.3,52,No,Yes,F,microbiome,152,3,18,224,9,30,NA,Alive
520031,57,Alder,Healthy,5.1,52,No,Yes,F,microbiome,97,NA,14,167,8,35,NA,Alive
520032,61,Birch,Healthy,4.1,52,No,Yes,F,microbiome,131,1,11,179,5,14,NA,Alive
520033,67,Birch,Healthy,4.8,52,No,Yes,F,microbiome,117,NA,13,168,6,20,NA,Alive
520034,56,Alder,Healthy,6.2,52,No,Yes,F,microbiome,106,NA,17,176,9,32,NA,Alive
520035,60,Alder,Healthy,5.8,52,No,Yes,F,microbiome,119,NA,23,190,12,32,NA,Alive
520036,70,Alder,Healthy,5.9,52,No,Yes,F,microbiome,97,NA,16,135,4,20,NA,Alive
520037,64,Alder,Healthy,6.5,52,No,Yes,F,microbiome,142,3,21,201,13,37,NA,Alive
520038,52,Alder,Healthy,5.6,52,No,Yes,F,microbiome,79,NA,10,134,4,19,NA,Alive
520039,57,Oak,Healthy,11.5,52,No,Yes,F,microbiome,83,NA,16,107,NA,22,NA,Alive
520040,44,Alder,Healthy,5.7,52,No,Yes,F,microbiome,103,NA,16,159,6,31,NA,Alive
520041,58,Alder,Healthy,5.1,52,No,Yes,F,microbiome,132,3,24,225,14,43,NA,Alive
520042,58,Birch,Healthy,4.8,52,No,Yes,F,microbiome,132,2,14,186,6,19,NA,Alive
520043,83,Aspen,Healthy,5.4,52,No,Yes,F,microbiome,182,5,20,177,6,24,NA,Alive
520044,87,Aspen,Healthy,6.6,52,No,Yes,F,microbiome,191,6,17,210,10,29,NA,Alive
520045,80,Cherry,Healthy,7.3,52,No,Yes,F,microbiome,160,6,22,180,10,34,NA,Alive
520046,109,Rowan,Healthy,8.6,52,No,Yes,F,microbiome,212,11,22,268,16,32,NA,Alive
520047,98,Birch,Healthy,6.5,52,No,Yes,F,microbiome,187,4,15,232,8,20,NA,Alive
520048,80,Birch,Healthy,5.4,52,No,Yes,F,microbiome,128,NA,14,195,8,23,NA,Alive
520049,50,Birch,Healthy,3.6,52,No,Yes,F,microbiome,88,NA,8,114,NA,13,NA,Alive
520050,77,Birch,Healthy,4.1,52,No,Yes,F,microbiome,159,3,14,182,5,19,NA,Alive
520052,32,Birch,Healthy,2.8,52,No,Yes,F,microbiome,134,2,9,177,5,13,NA,Alive
520053,67,Birch,Healthy,3.5,52,No,Yes,F,microbiome,140,2,10,173,4,14,NA,Alive
520054,74,Cherry,Healthy,6.7,52,No,Yes,F,microbiome,169,6,21,187,8,25,NA,Alive
520055,65,Birch,Healthy,3.8,52,No,Yes,F,microbiome,139,3,13,182,6,17,NA,Alive
520057,57,Alder,Healthy,6.5,52,No,Yes,F,microbiome,117,NA,18,206,16,45,NA,Alive
520058,67,Birch,Healthy,4.7,52,No,Yes,F,microbiome,161,4,15,204,7,20,NA,Alive
520060,46,Birch,Healthy,3.7,52,No,Yes,F,microbiome,104,NA,8,170,6,17,NA,Alive
520061,98,Rowan,Healthy,9,52,No,Yes,F,microbiome,147,7,24,224,12,33,NA,Alive
520062,92,Aspen,Vigorous,6.7,52,No,Yes,F,microbiome,237,9,25,280,16,32,NA,Alive
520063,43,Oak,Healthy,4.4,52,No,Yes,F,microbiome,98,NA,13,116,NA,13,NA,Alive
520064,70,Alder,Healthy,7.6,52,No,Yes,F,microbiome,141,4,27,226,21,48,NA,Alive
520065,38,Birch,Healthy,3.6,52,No,Yes,F,microbiome,138,3,11,189,6,14,NA,Alive
520066,85,Rowan,Healthy,7.7,52,No,Yes,F,microbiome,175,10,21,260,17,27,NA,Alive
520067,30,Oak,Healthy,5.2,52,No,Yes,F,microbiome,71,NA,6,90,NA,8,NA,Alive
520068,31,Birch,Healthy,3.6,52,No,Yes,F,microbiome,63,NA,7,80,NA,5,NA,Alive
520069,34,Alder,Healthy,3.1,52,No,Yes,F,microbiome,92,NA,14,170,7,24,NA,Alive
520070,63,Cherry,Healthy,6.6,52,No,Yes,F,microbiome,77,NA,10,90,NA,9,NA,Alive
520071,84,Birch,Vigorous,10.3,52,No,Yes,F,microbiome,147,3,17,213,7,26,NA,Alive
520072,73,Rowan,Healthy,9.3,52,No,Yes,F,microbiome,191,10,23,253,14,30,NA,Alive
520074,63,Birch,Healthy,5,52,No,Yes,F,microbiome,147,3,18,204,6,22,NA,Alive
520075,36,Birch,Healthy,2.5,52,No,Yes,F,microbiome,130,2,13,179,6,15,NA,Alive
520076,37,Oak,Healthy,6.4,52,No,Yes,F,microbiome,93,NA,10,99,NA,16,NA,Alive
520077,36.5,Birch,Healthy,3.9,52,No,Yes,F,microbiome,129,NA,11,161,3,13,NA,Alive
520078,89,Birch,Vigorous,4.7,52,No,Yes,F,microbiome,190,8,21,295,18,47,NA,Alive
520079,60.5,Birch,Healthy,4.8,52,No,Yes,F,microbiome,125,NA,12,157,3,15,NA,Alive
520081,40,Birch,Healthy,3.4,52,No,Yes,F,microbiome,124,NA,9,152,3,12,NA,Alive
520082,80,Birch,Healthy,4.3,52,No,Yes,F,microbiome,169,5,15,257,12,28,NA,Alive
520083,68,Birch,Healthy,4.5,52,No,Yes,F,microbiome,149,3,13,218,7,25,NA,Alive
520084,54,Birch,Healthy,5.3,52,No,Yes,F,microbiome,149,3,13,206,8,19,NA,Alive
520085,88,Rowan,Healthy,7,52,No,Yes,F,microbiome,159,6,18,221,11,26,NA,Alive
520086,47,Birch,Healthy,3.3,52,No,Yes,F,microbiome,135,2,11,155,4,15,NA,Alive
520087,39,Birch,Healthy,3.3,52,No,Yes,F,microbiome,156,3,10,164,4,16,NA,Alive
520088,81,Alder,Vigorous,10.2,52,No,Yes,F,microbiome,167,7,32,284,23,55,NA,Alive
520089,86,Alder,Vigorous,9.4,52,No,Yes,F,microbiome,170,9,31,268,21,50,NA,Alive
520090,68,Alder,Healthy,10.7,52,No,Yes,F,microbiome,121,NA,18,204,7,40,NA,Alive
520091,77,Cherry,Healthy,9.3,52,No,Yes,F,microbiome,153,5,17,171,8,23,NA,Alive
520092,62,Cherry,Healthy,6.3,52,No,Yes,F,microbiome,68,NA,9,83,NA,11,NA,Alive
520093,37,Alder,Healthy,NA,52,No,Yes,F,microbiome,95,NA,13,124,NA,24,NA,Alive
520094,38,Oak,Healthy,11.7,52,No,Yes,F,microbiome,71,NA,10,82,NA,27,NA,Alive
520095,31.5,Oak,Healthy,6.7,52,No,Yes,F,microbiome,102,NA,10,116,NA,16,NA,Alive
520096,56,Cherry,Healthy,5.8,52,No,Yes,F,microbiome,152,5,15,180,11,25,NA,Alive
520097,69,Alder,Healthy,7.3,52,No,Yes,F,microbiome,128,NA,22,211,13,37,NA,Alive
520098,68,Alder,Healthy,6.7,52,No,Yes,F,microbiome,127,NA,22,219,14,38,NA,Alive
520099,57,Birch,Healthy,10.9,52,No,Yes,F,microbiome,99,NA,10,170,4,16,NA,Alive
520100,41,Oak,Healthy,5.9,52,No,Yes,F,microbiome,98,NA,11,107,NA,12,NA,Alive
550001,82,Cherry,Vigorous,5.4,55,No,No,G,control,150,4,17,176,7,23,NA,Alive
550002,57,Oak,Healthy,10,55,No,No,G,control,90,NA,13,101,NA,21,NA,Alive
550003,77.5,Cherry,Healthy,6.7,55,No,No,G,control,132,3,15,156,4,17,NA,Alive
550004,61,Alder,Healthy,6.2,55,No,No,G,control,128,NA,25,197,11,44,NA,Alive
550005,70.5,Cherry,Healthy,6.6,55,No,No,G,control,157,5,16,163,6,20,NA,Alive
550006,74,Cherry,Healthy,5.1,55,No,No,G,control,88,NA,11,103,NA,12,NA,Alive
550007,63,Birch,Healthy,3.7,55,No,No,G,control,196,6,20,276,11,33,NA,Alive
550008,68.5,Cherry,Healthy,6.8,55,No,No,G,control,102,NA,10,113,NA,13,NA,Alive
550009,58,Birch,Healthy,3.1,55,No,No,G,control,164,4,19,266,12,32,NA,Alive
550010,75,Birch,Vigorous,4.1,55,No,No,G,control,196,7,28,300,20,47,NA,Alive
550011,49,Birch,Healthy,3.1,55,No,No,G,control,171,6,18,207,7,26,NA,Alive
550012,65,Birch,Healthy,4.5,55,No,No,G,control,214,9,27,324,20,42,NA,Alive
550013,78,Cherry,Vigorous,5.9,55,No,No,G,control,126,NA,19,149,5,20,NA,Alive
550014,74,Alder,Healthy,5.6,55,No,No,G,control,159,5,25,223,16,45,NA,Alive
550015,73,Cherry,Healthy,5.4,55,No,No,G,control,106,NA,10,113,NA,13,NA,Alive
550017,61,Cherry,Healthy,5.1,55,No,No,G,control,75,NA,8,81,NA,10,NA,Alive
550018,81,Cherry,Vigorous,5.7,55,No,No,G,control,137,5,16,158,5,20,NA,Alive
550019,53,Oak,Healthy,7.4,55,No,No,G,control,143,3,12,136,5,21,NA,Alive
550020,17,Alder,Healthy,4.1,55,No,No,G,control,54,NA,5,85,NA,8,NA,Alive
550021,81,Cherry,Healthy,7.6,55,No,No,G,control,219,10,27,244,14,36,NA,Alive
550022,89,Cherry,Healthy,7.5,55,No,No,G,control,156,5,22,180,8,27,NA,Alive
550023,82,Birch,Healthy,5.7,55,No,No,G,control,181,5,24,264,15,38,NA,Alive
550024,73,Cherry,Healthy,4.6,55,No,No,G,control,105,NA,12,127,NA,14,NA,Alive
550025,73,Cherry,Healthy,8,55,No,No,G,control,160,5,20,161,7,23,NA,Alive
550026,66,Birch,Healthy,3.4,55,No,No,G,control,184,6,23,277,17,37,NA,Alive
550027,45,Alder,Healthy,5.5,55,No,No,G,control,103,NA,13,183,14,27,NA,Alive
550028,76,Birch,Healthy,5.5,55,No,No,G,control,210,9,24,309,18,40,NA,Alive
550029,81,Birch,Vigorous,4.5,55,No,No,G,control,147,3,16,205,10,30,NA,Alive
550030,64,Birch,Healthy,3.6,55,No,No,G,control,192,6,20,291,14,44,NA,Alive
550031,51,Birch,Healthy,3.3,55,No,No,G,control,179,7,27,279,17,38,NA,Alive
550032,137,Rowan,Vigorous,10.9,55,No,No,G,control,239,11,28,285,16,36,NA,Alive
550033,50,Alder,Healthy,5.6,55,No,No,G,control,124,NA,21,179,8,32,NA,Alive
550034,34,Oak,Healthy,5.8,55,No,No,G,control,90,NA,8,103,NA,14,NA,Alive
550036,75,Birch,Healthy,6.1,55,No,No,G,control,188,6,18,250,10,28,NA,Alive
550037,62,Birch,Healthy,3.9,55,No,No,G,control,217,9,24,331,17,35,NA,Alive
550038,77,Alder,Vigorous,7.1,55,No,No,G,control,162,5,28,218,15,46,NA,Alive
550039,22,Alder,Healthy,3.4,55,No,No,G,control,89,NA,11,147,6,25,NA,Alive
550040,62,Birch,Healthy,3.4,55,No,No,G,control,176,6,20,262,13,32,NA,Alive
550042,59,Oak,Healthy,18.3,55,No,No,G,control,69,NA,19,89,NA,23,NA,Alive
550043,26,Birch,Healthy,2.8,55,No,No,G,control,150,3,18,234,8,34,NA,Alive
550044,47,Oak,Healthy,8.2,55,No,No,G,control,130,NA,11,133,4,18,NA,Alive
550045,89,Cherry,Vigorous,6.3,55,No,No,G,control,156,5,21,179,7,31,NA,Alive
550046,149,Rowan,Vigorous,10.9,55,No,No,G,control,244,13,25,303,18,33,NA,Alive
550047,44,Alder,Healthy,4.2,55,No,No,G,control,119,NA,16,201,9,29,NA,Alive
550048,80.5,Cherry,Healthy,6.4,55,No,No,G,control,203,7,21,213,13,29,NA,Alive
550050,43,Birch,Healthy,3.1,55,No,No,G,control,200,9,24,286,16,39,NA,Alive
550051,50,Oak,Healthy,8.5,55,No,No,G,control,131,3,10,118,NA,14,NA,Alive
550052,40,Birch,Healthy,3.5,55,No,No,G,control,106,NA,11,154,4,15,NA,Alive
550053,44,Oak,Healthy,8.2,55,No,No,G,control,108,NA,11,107,NA,16,NA,Alive
550054,34,Birch,Healthy,2.9,55,No,No,G,control,138,2,19,195,9,28,NA,Alive
550055,82,Cherry,Vigorous,6.7,55,No,No,G,control,99,NA,12,103,NA,10,NA,Alive
550056,86,Birch,Vigorous,5,55,No,No,G,control,194,5,22,275,12,33,NA,Alive
550057,63,Cherry,Healthy,6.7,55,No,No,G,control,112,NA,14,138,4,17,NA,Alive
550058,78,Cherry,Vigorous,9.6,55,No,No,G,control,131,4,24,156,6,26,NA,Alive
550059,48,Birch,Healthy,3.9,55,No,No,G,control,176,7,20,270,17,39,NA,Alive
550060,60,Birch,Healthy,4.6,55,No,No,G,control,183,7,24,253,15,32,NA,Alive
550061,46,Birch,Healthy,3.7,55,No,No,G,control,164,4,18,263,10,28,NA,Alive
550062,71,Cherry,Healthy,5.6,55,No,No,G,control,100,NA,14,124,NA,15,NA,Alive
550064,69,Birch,Healthy,3.6,55,No,No,G,control,173,7,20,194,8,26,NA,Alive
550065,50,Birch,Healthy,3.9,55,No,No,G,control,185,7,26,280,15,34,NA,Alive
550066,81,Cherry,Vigorous,6.6,55,No,No,G,control,94,NA,13,107,NA,13,NA,Alive
550067,75,Cherry,Vigorous,5.7,55,No,No,G,control,104,NA,13,125,NA,21,NA,Alive
550068,64,Birch,Healthy,4.4,55,No,No,G,control,194,6,22,290,17,37,NA,Alive
550069,77,Birch,Vigorous,4.5,55,No,No,G,control,229,10,27,332,16,33,NA,Alive
550070,87,Cherry,Vigorous,7.5,55,No,No,G,control,107,NA,12,122,NA,18,NA,Alive
550072,55,Cherry,Healthy,4.7,55,No,No,G,control,76,NA,9,94,NA,10,NA,Alive
550073,64,Birch,Healthy,4.3,55,No,No,G,control,147,3,20,207,11,30,NA,Alive
550074,82,Alder,Vigorous,7.7,55,No,No,G,control,178,10,30,267,18,49,NA,Alive
550075,44,Alder,Healthy,4.8,55,No,No,G,control,138,4,22,239,15,45,NA,Alive
550078,74,Alder,Vigorous,7.6,55,No,No,G,control,165,7,24,210,15,40,NA,Alive
550079,52,Oak,Healthy,9.6,55,No,No,G,control,82,NA,12,80,NA,17,NA,Alive
550080,42,Alder,Healthy,3.5,55,No,No,G,control,129,NA,18,196,11,41,NA,Alive
550081,70,Alder,Healthy,6.4,55,No,No,G,control,143,4,22,212,13,35,NA,Alive
550082,77,Cherry,Vigorous,6.8,55,No,No,G,control,113,NA,17,145,4,24,NA,Alive
550083,69,Oak,Healthy,11.4,55,No,No,G,control,104,NA,10,102,NA,16,NA,Alive
550084,60.5,Aspen,Healthy,5,55,No,No,G,control,71,NA,9,100,NA,12,NA,Alive
550085,78,Alder,Vigorous,7.5,55,No,No,G,control,149,5,26,222,16,45,NA,Alive
550086,39,Cherry,Healthy,4.7,55,No,No,G,control,60,NA,5,57,NA,4,NA,Alive
550087,5,Birch,Healthy,3.7,55,No,No,G,control,168,4,17,229,10,26,NA,Alive
550088,69,Alder,Healthy,5.3,55,No,No,G,control,145,5,24,226,15,40,NA,Alive
550089,54,Alder,Healthy,7,55,No,No,G,control,154,5,26,249,20,47,NA,Alive
550090,70,Birch,Vigorous,6.3,55,No,No,G,control,197,8,26,276,13,35,NA,Alive
550091,63,Cherry,Healthy,6.8,55,No,No,G,control,118,NA,13,129,NA,16,NA,Alive
550092,44,Oak,Healthy,7.3,55,No,No,G,control,110,NA,10,118,NA,14,NA,Alive
550093,144,Rowan,Vigorous,8.4,55,No,No,G,control,171,9,21,224,11,28,NA,Alive
550094,36,Alder,Healthy,3.9,55,No,No,G,control,136,4,25,212,13,46,NA,Alive
550095,67,Alder,Healthy,8.3,55,No,No,G,control,132,3,19,192,12,38,NA,Alive
550097,77,Alder,Healthy,7.2,55,No,No,G,control,190,11,31,275,24,54,NA,Alive
550098,36,Alder,Healthy,3.3,55,No,No,G,control,160,4,20,225,12,44,NA,Alive
550099,74,Alder,Vigorous,11.2,55,No,No,G,control,178,9,30,262,23,52,NA,Alive
550100,35,Alder,Healthy,4.6,55,No,No,G,control,114,NA,19,153,6,42,NA,Alive
570001,61,Birch,Healthy,4.5,57,Yes,Yes,G,basalt+microbiome,197,6,25,260,14,42,NA,Alive
570002,20,Birch,Healthy,3.4,57,Yes,Yes,G,basalt+microbiome,115,NA,11,170,5,18,NA,Alive
570003,33,Birch,Healthy,3.7,57,Yes,Yes,G,basalt+microbiome,170,6,18,215,11,28,NA,Alive
570005,79,Birch,Vigorous,5.2,57,Yes,Yes,G,basalt+microbiome,200,8,26,234,12,35,NA,Alive
570006,58,Birch,Healthy,4.8,57,Yes,Yes,G,basalt+microbiome,146,4,19,201,8,25,NA,Alive
570007,70,Alder,Healthy,5.9,57,Yes,Yes,G,basalt+microbiome,166,7,25,252,17,47,NA,Alive
570008,33,Alder,Healthy,4,57,Yes,Yes,G,basalt+microbiome,148,6,23,247,18,57,NA,Alive
570009,62,Birch,Healthy,3.5,57,Yes,Yes,G,basalt+microbiome,161,6,20,237,10,33,NA,Alive
570010,110,Rowan,Vigorous,7.5,57,Yes,Yes,G,basalt+microbiome,173,9,23,253,14,36,NA,Alive
570011,65,Alder,Healthy,6.7,57,Yes,Yes,G,basalt+microbiome,168,8,27,192,25,59,NA,Alive
570012,51,Birch,Healthy,3.9,57,Yes,Yes,G,basalt+microbiome,201,6,16,295,15,34,NA,Alive
570013,56,Birch,Healthy,3.6,57,Yes,Yes,G,basalt+microbiome,185,6,22,244,13,30,NA,Alive
570015,50,Birch,Healthy,4.2,57,Yes,Yes,G,basalt+microbiome,165,5,21,222,7,35,NA,Alive
570016,60,Oak,Healthy,12.1,57,Yes,Yes,G,basalt+microbiome,76,NA,12,82,NA,18,NA,Alive
570017,72,Birch,Healthy,4.7,57,Yes,Yes,G,basalt+microbiome,191,6,32,303,14,52,NA,Alive
570018,59,Oak,Healthy,8.6,57,Yes,Yes,G,basalt+microbiome,123,NA,14,110,NA,18,NA,Alive
570020,71,Oak,Healthy,12.2,57,Yes,Yes,G,basalt+microbiome,132,5,15,105,NA,25,NA,Alive
570021,33,Birch,Healthy,3.2,57,Yes,Yes,G,basalt+microbiome,180,5,20,201,12,32,NA,Alive
570022,50,Birch,Healthy,4.4,57,Yes,Yes,G,basalt+microbiome,145,3,18,194,9,30,NA,Alive
570023,60,Birch,Healthy,4,57,Yes,Yes,G,basalt+microbiome,193,10,32,299,21,49,NA,Alive
570024,47,Birch,Healthy,3.4,57,Yes,Yes,G,basalt+microbiome,189,10,30,293,18,43,NA,Alive
570025,75,Birch,Vigorous,5.8,57,Yes,Yes,G,basalt+microbiome,202,11,35,312.9,36,53,NA,Alive
570026,68,Cherry,Healthy,4.7,57,Yes,Yes,G,basalt+microbiome,170,7,21,170,11,28,NA,Alive
570027,76,Aspen,Healthy,6.4,57,Yes,Yes,G,basalt+microbiome,200,8,21,209,9,32,NA,Alive
570028,43,Cherry,Healthy,3.6,57,Yes,Yes,G,basalt+microbiome,136,5,13,138,5,15,NA,Alive
570029,73,Oak,Healthy,12.3,57,Yes,Yes,G,basalt+microbiome,110,NA,21,122,NA,26,NA,Alive
570030,90,Rowan,Healthy,7.8,57,Yes,Yes,G,basalt+microbiome,200,13,23,267,17,34,NA,Alive
570031,69,Aspen,Healthy,4.8,57,Yes,Yes,G,basalt+microbiome,130,3,13,180,7,22,NA,Alive
570032,60,Alder,Healthy,4.9,57,Yes,Yes,G,basalt+microbiome,158,9,30,285,26,55,NA,Alive
570033,59,Alder,Healthy,5,57,Yes,Yes,G,basalt+microbiome,142,4,20,227,15,43,NA,Alive
570034,32,Alder,Healthy,4.5,57,Yes,Yes,G,basalt+microbiome,152,5,19,223,18,41,NA,Alive
570035,57,Aspen,Healthy,4.3,57,Yes,Yes,G,basalt+microbiome,120,NA,9,143,3,17,NA,Alive
570036,63,Birch,Healthy,3.7,57,Yes,Yes,G,basalt+microbiome,202,8,31,296,18,55,NA,Alive
570037,64,Alder,Healthy,5.7,57,Yes,Yes,G,basalt+microbiome,169,8,29,274,27,53,NA,Alive
570038,74,Birch,Healthy,4.4,57,Yes,Yes,G,basalt+microbiome,218,12,28,327,21,44,NA,Alive
570039,126,Rowan,Vigorous,9.2,57,Yes,Yes,G,basalt+microbiome,186,7,19,221,10,31,NA,Alive
570040,58,Alder,Healthy,5.3,57,Yes,Yes,G,basalt+microbiome,140,5,22,220,18,40,NA,Alive
570041,33,Birch,Healthy,2.4,57,Yes,Yes,G,basalt+microbiome,182,5,18,264,7,23,NA,Alive
570042,71,Aspen,Healthy,3.6,57,Yes,Yes,G,basalt+microbiome,170,5,10,184,7,17,NA,Alive
570043,51,Alder,Healthy,6,57,Yes,Yes,G,basalt+microbiome,136,5,23,237,17,47,NA,Alive
570044,32,Alder,Healthy,3.8,57,Yes,Yes,G,basalt+microbiome,150,5,25,266,20,39,NA,Alive
570045,67,Birch,Healthy,3.9,57,Yes,Yes,G,basalt+microbiome,186,6,13,272,13,29,NA,Alive
570046,50,Aspen,Healthy,4.2,57,Yes,Yes,G,basalt+microbiome,142,3,13,220,9,24,NA,Alive
570047,8,Birch,Healthy,3.7,57,Yes,Yes,G,basalt+microbiome,84,NA,7,173,4,11,NA,Alive
570048,41,Alder,Healthy,4.6,57,Yes,Yes,G,basalt+microbiome,159,6,20,279,19,51,NA,Alive
570049,28,Alder,Healthy,4.6,57,Yes,Yes,G,basalt+microbiome,118,NA,19,210,12,45,NA,Alive
570050,83,Aspen,Vigorous,4.8,57,Yes,Yes,G,basalt+microbiome,140,4,13,159,4,14,NA,Alive
570051,76,Birch,Healthy,6.2,57,Yes,Yes,G,basalt+microbiome,201,12,27,302,21,43,NA,Alive
570052,41,Birch,Healthy,3,57,Yes,Yes,G,basalt+microbiome,170,5,17,242,8,25,NA,Alive
570054,51,Oak,Healthy,7.1,57,Yes,Yes,G,basalt+microbiome,113,NA,12,95,NA,16,NA,Alive
570055,47,Birch,Healthy,3.6,57,Yes,Yes,G,basalt+microbiome,190,5,23,264,14,34,NA,Alive
570056,51,Oak,Healthy,11.5,57,Yes,Yes,G,basalt+microbiome,112,NA,20,119,NA,24,NA,Alive
570057,53,Birch,Healthy,4.3,57,Yes,Yes,G,basalt+microbiome,181,4,22,269,11,31,NA,Alive
570058,56,Oak,Healthy,11.5,57,Yes,Yes,G,basalt+microbiome,105,NA,15,120,NA,25,NA,Alive
570059,65,Oak,Healthy,20.2,57,Yes,Yes,G,basalt+microbiome,65,NA,21,108,NA,25,NA,Alive
570060,47,Oak,Healthy,8.4,57,Yes,Yes,G,basalt+microbiome,103,NA,11,98,NA,13,NA,Alive
570062,43,Oak,Healthy,9,57,Yes,Yes,G,basalt+microbiome,101,NA,12,126,NA,18,NA,Alive
570063,34,Alder,Healthy,5.3,57,Yes,Yes,G,basalt+microbiome,105,NA,18,171,8,35,NA,Alive
570064,48,Birch,Healthy,3.4,57,Yes,Yes,G,basalt+microbiome,150,4,12,217,7,18,NA,Alive
570065,57,Aspen,Healthy,3.5,57,Yes,Yes,G,basalt+microbiome,139,NA,9,166,5,15,NA,Alive
570067,79,Rowan,Healthy,7,57,Yes,Yes,G,basalt+microbiome,180,NA,20,255,13,24,NA,Alive
570068,19,Birch,Healthy,2.7,57,Yes,Yes,G,basalt+microbiome,174,6,18,249,8,25,NA,Alive
570069,64,Birch,Healthy,3.8,57,Yes,Yes,G,basalt+microbiome,180,6,18,240,9,24,NA,Alive
570070,75,Birch,Vigorous,4.2,57,Yes,Yes,G,basalt+microbiome,180,8,24,271,16,38,NA,Alive
570071,54,Aspen,Healthy,3.8,57,Yes,Yes,G,basalt+microbiome,130,NA,9,175,6,14,NA,Alive
570072,63,Oak,Healthy,16.3,57,Yes,Yes,G,basalt+microbiome,131,2,20,93,NA,27,NA,Alive
570073,56,Birch,Healthy,4,57,Yes,Yes,G,basalt+microbiome,191,9,30,281,22,42,NA,Alive
570074,53,Oak,Vigorous,7.3,57,Yes,Yes,G,basalt+microbiome,125,NA,19,123,NA,27,NA,Alive
570076,50,Alder,Healthy,4.4,57,Yes,Yes,G,basalt+microbiome,132,4,90,203,12,40,NA,Alive
570077,58,Birch,Healthy,4.1,57,Yes,Yes,G,basalt+microbiome,175,9,26,268,17,39,NA,Alive
570078,40,Alder,Healthy,5.9,57,Yes,Yes,G,basalt+microbiome,97,NA,14,181,8,38,NA,Alive
570079,44,Alder,Healthy,4.3,57,Yes,Yes,G,basalt+microbiome,136,4,19,234,16,50,NA,Alive
570080,46,Alder,Healthy,4.1,57,Yes,Yes,G,basalt+microbiome,49,NA,5,122,NA,16,NA,Alive
570081,48,Birch,Healthy,5.5,57,Yes,Yes,G,basalt+microbiome,169,6,23,255,11,38,NA,Alive
570082,55,Alder,Healthy,4.4,57,Yes,Yes,G,basalt+microbiome,146,5,25,241,19,26,NA,Alive
570083,41,Alder,Healthy,3.3,57,Yes,Yes,G,basalt+microbiome,140,4,20,243,15,52,NA,Alive
570084,54,Alder,Healthy,5.9,57,Yes,Yes,G,basalt+microbiome,126,NA,16,186,10,31,NA,Alive
570085,47,Birch,Healthy,4,57,Yes,Yes,G,basalt+microbiome,189,7,27,295,11,36,NA,Alive
570086,64,Cherry,Healthy,4.2,57,Yes,Yes,G,basalt+microbiome,139,4,18,184,8,29,NA,Alive
570087,50,Birch,Healthy,3.7,57,Yes,Yes,G,basalt+microbiome,187,6,25,252,10,34,NA,Alive
570088,43,Alder,Healthy,4.9,57,Yes,Yes,G,basalt+microbiome,136,4,17,226,17,53,NA,Alive
570090,59,Birch,Healthy,4.1,57,Yes,Yes,G,basalt+microbiome,192,6,28,267,11,37,NA,Alive
570091,71,Cherry,Healthy,6.6,57,Yes,Yes,G,basalt+microbiome,156,4,24,176,10,35,NA,Alive
570092,61,Cherry,Healthy,5.3,57,Yes,Yes,G,basalt+microbiome,130,NA,11,134,6,16,NA,Alive
570093,57,Alder,Healthy,6.8,57,Yes,Yes,G,basalt+microbiome,154,5,28,253,17,58,NA,Alive
570094,70,Alder,Healthy,6.7,57,Yes,Yes,G,basalt+microbiome,159,7,27,254,20,61,NA,Alive
570095,70,Oak,Healthy,13.2,57,Yes,Yes,G,basalt+microbiome,92,NA,16,108,NA,38,NA,Alive
570097,66,Cherry,Healthy,5.9,57,Yes,Yes,G,basalt+microbiome,132,4,22,159,9,31,NA,Alive
570098,85,Alder,Healthy,7.3,57,Yes,Yes,G,basalt+microbiome,147,5,29,244,21,51,NA,Alive
570099,60,Birch,Healthy,4.4,57,Yes,Yes,G,basalt+microbiome,176,5,22,201,8,37,NA,Alive
570100,73,Alder,Healthy,6.8,57,Yes,Yes,G,basalt+microbiome,190,9,31,281,30,64,NA,Alive
590002,38,Birch,Healthy,4.5,59,No,Yes,G,microbiome,119,NA,8,131,1,10,NA,Alive
590003,56,Oak,Healthy,9.8,59,No,Yes,G,microbiome,118,NA,16,126,NA,29,NA,Alive
590004,76,Cherry,Healthy,4.2,59,No,Yes,G,microbiome,158,5,18,172,8,25,NA,Alive
590006,68,Cherry,Healthy,6,59,No,Yes,G,microbiome,139,5,21,154,6,30,NA,Alive
590007,48,Oak,Healthy,8.4,59,No,Yes,G,microbiome,90,NA,13,117,NA,19,NA,Alive
590008,81,Birch,Vigorous,4.8,59,No,Yes,G,microbiome,198,4,28,250,14,43,NA,Alive
590009,54,Birch,Healthy,4,59,No,Yes,G,microbiome,150,4,18,226,11,28,NA,Alive
590010,58,Birch,Healthy,4.2,59,No,Yes,G,microbiome,192,7,25,278,15,41,NA,Alive
590011,52,Birch,Healthy,3.8,59,No,Yes,G,microbiome,160,6,9,235,12,33,NA,Alive
590012,50,Birch,Healthy,3.3,59,No,Yes,G,microbiome,175,6,18,272,12,30,NA,Alive
590014,75,Birch,Healthy,5.1,59,No,Yes,G,microbiome,179,7,30,245,12,42,NA,Alive
590015,41,Alder,Healthy,4,59,No,Yes,G,microbiome,107,NA,19,182,12,44,NA,Alive
590016,71.5,Cherry,Healthy,5.6,59,No,Yes,G,microbiome,158,7,20,181,10,27,NA,Alive
590017,55.5,Oak,Healthy,10.7,59,No,Yes,G,microbiome,143,4,20,125,NA,22,NA,Alive
590018,70,Birch,Healthy,4.1,59,No,Yes,G,microbiome,173,5,20,273,11,30,NA,Alive
590019,67,Birch,Healthy,4.5,59,No,Yes,G,microbiome,176,4,20,263,13,28,NA,Alive
590020,77,Birch,Healthy,6.2,59,No,Yes,G,microbiome,196,8,22,288,15,35,NA,Alive
590021,80,Aspen,Healthy,5.5,59,No,Yes,G,microbiome,176,6,18,235,14,29,NA,Alive
590022,81,Birch,Vigorous,4.6,59,No,Yes,G,microbiome,167,8,27,246,17,38,NA,Alive
590024,59,Cherry,Healthy,4.7,59,No,Yes,G,microbiome,127,NA,15,149,5,20,NA,Alive
590025,20,Birch,Healthy,3.1,59,No,Yes,G,microbiome,137,2,10,190,7,16,NA,Alive
590026,57,Birch,Healthy,2.9,59,No,Yes,G,microbiome,174,5,23,268,16,39,NA,Alive
590027,58,Birch,Healthy,3.6,59,No,Yes,G,microbiome,188,7,23,270,18,33,NA,Alive
590028,60,Cherry,Healthy,5,59,No,Yes,G,microbiome,136,5,19,159,7,26,NA,Alive
590029,46,Birch,Healthy,3.9,59,No,Yes,G,microbiome,150,3,21,248,13,38,NA,Alive
590030,80,Cherry,Healthy,5.8,59,No,Yes,G,microbiome,153,7,23,182,10,29,NA,Alive
590032,27,Oak,Healthy,7.2,59,No,Yes,G,microbiome,127,NA,11,110,NA,14,NA,Alive
590034,43,Oak,Healthy,9.2,59,No,Yes,G,microbiome,132,5,13,138,5,20,NA,Alive
590035,67,Birch,Healthy,3.6,59,No,Yes,G,microbiome,183,7,24,256,12,42,NA,Alive
590036,59,Oak,Healthy,8.7,59,No,Yes,G,microbiome,112,NA,12,140,4,24,NA,Alive
590037,44,Birch,Healthy,3,59,No,Yes,G,microbiome,178,5,19,251,17,33,NA,Alive
590038,48,Cherry,Healthy,3.6,59,No,Yes,G,microbiome,136,5,16,147,6,18,NA,Alive
590039,65,Birch,Healthy,3.1,59,No,Yes,G,microbiome,185,6,23,280,16,25,NA,Alive
590040,48,Birch,Healthy,3.3,59,No,Yes,G,microbiome,163,5,19,250,13,30,NA,Alive
590041,67,Alder,Healthy,8.8,59,No,Yes,G,microbiome,143,5,23,217,19,48,NA,Alive
590042,71,Alder,Healthy,10.8,59,No,Yes,G,microbiome,140,5,26,198,15,60,NA,Alive
590043,64,Alder,Healthy,6.2,59,No,Yes,G,microbiome,139,5,29,231,24,56,NA,Alive
590044,76,Birch,Vigorous,4.4,59,No,Yes,G,microbiome,191,9,26,252,16,41,NA,Alive
590046,60,Birch,Healthy,4.3,59,No,Yes,G,microbiome,150,4,21,231,10,33,NA,Alive
590047,65,Birch,Healthy,4.4,59,No,Yes,G,microbiome,186,7,25,285,16,41,NA,Alive
590048,60,Birch,Healthy,3.6,59,No,Yes,G,microbiome,163,4,20,242,10,27,NA,Alive
590049,100,Rowan,Healthy,6.4,59,No,Yes,G,microbiome,156,9,18,205,11,12,NA,Alive
590050,67,Birch,Healthy,4.8,59,No,Yes,G,microbiome,204,6,21,284,17,31,NA,Alive
590051,66,Birch,Healthy,5,59,No,Yes,G,microbiome,194,10,24,272,17,35,NA,Alive
590052,61,Birch,Healthy,3.1,59,No,Yes,G,microbiome,142,2,23,235,11,35,NA,Alive
590054,67,Cherry,Healthy,4.7,59,No,Yes,G,microbiome,154,4,15,175,8,19,NA,Alive
590055,40,Birch,Healthy,3.3,59,No,Yes,G,microbiome,176,3,18,213,7,34,NA,Alive
590056,58,Cherry,Healthy,4.2,59,No,Yes,G,microbiome,88,NA,12,111,NA,15,NA,Alive
590057,42,Oak,Healthy,8,59,No,Yes,G,microbiome,105,NA,14,122,NA,19,NA,Alive
590058,62,Aspen,Healthy,4.4,59,No,Yes,G,microbiome,114,NA,10,168,6,19,NA,Alive
590059,46,Oak,Healthy,2.4,59,No,Yes,G,microbiome,122,NA,13,123,NA,17,NA,Alive
590060,78,Aspen,Vigorous,4.5,59,No,Yes,G,microbiome,136,2,12,147,4,17,NA,Alive
590061,62,Birch,Healthy,4,59,No,Yes,G,microbiome,193,9,24,282,18,38,NA,Alive
590062,27,Birch,Healthy,3.3,59,No,Yes,G,microbiome,180,5,17,228,8,23,NA,Alive
590063,77,Birch,Vigorous,4.1,59,No,Yes,G,microbiome,170,5,20,214,9,26,NA,Alive
590064,59,Birch,Healthy,3.2,59,No,Yes,G,microbiome,155,3,22,212,8,25,NA,Alive
590065,66,Oak,Healthy,8,59,No,Yes,G,microbiome,98,NA,18,115,NA,26,NA,Alive
590066,63,Cherry,Healthy,4.2,59,No,Yes,G,microbiome,162,8,17,193,10,25,NA,Alive
590067,48,Birch,Healthy,2.8,59,No,Yes,G,microbiome,166,5,20,231,11,32,NA,Alive
590068,34,Alder,Healthy,3.7,59,No,Yes,G,microbiome,95,NA,9,176,8,27,NA,Alive
590069,63,Birch,Healthy,3.3,59,No,Yes,G,microbiome,203,8,23,310,18,38,NA,Alive
590070,54,Alder,Healthy,5.7,59,No,Yes,G,microbiome,127,NA,20,200,12,38,NA,Alive
590071,132,Rowan,Vigorous,12.2,59,No,Yes,G,microbiome,168,10,27,220,15,37,NA,Alive
590072,56,Cherry,Healthy,4,59,No,Yes,G,microbiome,110,NA,10,120,NA,14,NA,Alive
590074,48,Cherry,Healthy,3.4,59,No,Yes,G,microbiome,130,4,17,152,4,22,NA,Alive
590075,68,Birch,Healthy,5.7,59,No,Yes,G,microbiome,170,5,19,223,9,25,NA,Alive
590076,60,Birch,Healthy,3.4,59,No,Yes,G,microbiome,201,9,17,249,15,30,NA,Alive
590077,56,Birch,Healthy,3.7,59,No,Yes,G,microbiome,185,8,24,217,8,27,NA,Alive
590078,46,Birch,Healthy,3.4,59,No,Yes,G,microbiome,195,4,19,246,9,30,NA,Alive
590079,59,Cherry,Healthy,4.3,59,No,Yes,G,microbiome,108,NA,14,130,4,15,NA,Alive
590080,89,Aspen,Vigorous,3.9,59,No,Yes,G,microbiome,193,6,12,229,10,19,NA,Alive
590083,67,Alder,Healthy,6.3,59,No,Yes,G,microbiome,154,5,22,230,18,44,NA,Alive
590084,55,Birch,Healthy,4.4,59,No,Yes,G,microbiome,198,10,21,253,14,31,NA,Alive
590085,59,Alder,Healthy,6.7,59,No,Yes,G,microbiome,132,5,22,174,10,42,NA,Alive
590086,60,Birch,Healthy,3.5,59,No,Yes,G,microbiome,179,5,18,224,9,28,NA,Alive
590087,110,Rowan,Vigorous,10.1,59,No,Yes,G,microbiome,186,11,26,249,17,34,NA,Alive
590088,70,Cherry,Healthy,5.1,59,No,Yes,G,microbiome,158,4,21,185,8,22,NA,Alive
590089,66.5,Cherry,Healthy,4,59,No,Yes,G,microbiome,110,NA,10,130,3,11,NA,Alive
590090,70,Aspen,Healthy,3.8,59,No,Yes,G,microbiome,131,2,11,142,2,10,NA,Alive
590091,56,Birch,Healthy,3.4,59,No,Yes,G,microbiome,167,4,18,219,8,25,NA,Alive
590092,66.5,Cherry,Healthy,4.6,59,No,Yes,G,microbiome,110,NA,14,132,4,19,NA,Alive
590093,64,Birch,Healthy,4.2,59,No,Yes,G,microbiome,168,7,22,249,15,36,NA,Alive
590094,61,Birch,Healthy,3.7,59,No,Yes,G,microbiome,186,7,22,247,12,30,NA,Alive
590095,56,Birch,Healthy,4.5,59,No,Yes,G,microbiome,191,7,22,300,15,35,NA,Alive
590096,36,Birch,Healthy,4.4,59,No,Yes,G,microbiome,157,3,15,255,12,30,NA,Alive
590097,25,Alder,Healthy,3.7,59,No,Yes,G,microbiome,91,NA,13,160,7,29,NA,Alive
590098,69,Birch,Healthy,3.9,59,No,Yes,G,microbiome,191,7,24,225,12,37,NA,Alive
590099,44.5,Oak,Healthy,8.8,59,No,Yes,G,microbiome,130,NA,15,128,NA,24,NA,Alive
590100,54.5,Birch,Healthy,3.1,59,No,Yes,G,microbiome,188,6,16,207,10,25,NA,Alive
600001,86,Cherry,Vigorous,7.4,60,Yes,No,G,basalt,218,11,24,232,14,34,NA,Alive
600002,51,Aspen,Healthy,4.3,60,Yes,No,G,basalt,150,3,13,174,7,23,NA,Alive
600003,50,Birch,Vigorous,12,60,Yes,No,G,basalt,77,NA,5,129,NA,10,NA,Alive
600004,33,Oak,Healthy,4,60,Yes,No,G,basalt,114,NA,12,132,4,18,NA,Alive
600006,72,Birch,Healthy,5.9,60,Yes,No,G,basalt,218,12,30,281,19,44,NA,Alive
600007,69,Cherry,Healthy,5.8,60,Yes,No,G,basalt,98,NA,12,116,NA,19,NA,Alive
600008,40,Alder,Healthy,6.4,60,Yes,No,G,basalt,146,5,20,243,20,48,NA,Alive
600009,56,Oak,Healthy,9.4,60,Yes,No,G,basalt,73,NA,13,121,NA,18,NA,Alive
600010,32,Cherry,Healthy,5.3,60,Yes,No,G,basalt,117,NA,12,122,NA,18,NA,Alive
600011,37,Alder,Healthy,6.9,60,Yes,No,G,basalt,160,7,27,239,17,47,NA,Alive
600012,61,Birch,Healthy,5.1,60,Yes,No,G,basalt,189,6,21,247,10,38,NA,Alive
600013,58.5,Birch,Healthy,4.3,60,Yes,No,G,basalt,170,5,19,191,9,38,NA,Alive
600014,40.5,Cherry,Healthy,3.7,60,Yes,No,G,basalt,150,7,14,163,7,17,NA,Alive
600016,42,Birch,Healthy,4.9,60,Yes,No,G,basalt,175,6,25,260,15,41,NA,Alive
600017,69,Cherry,Vigorous,5.6,60,Yes,No,G,basalt,119,NA,20,131,1,25,NA,Alive
600019,63,Oak,Healthy,11.8,60,Yes,No,G,basalt,97,NA,14,95,NA,19,NA,Alive
600022,80.5,Cherry,Healthy,12.3,60,Yes,No,G,basalt,148,5,19,145,6,22,NA,Alive
600024,76.5,Rowan,Vigorous,7.5,60,Yes,No,G,basalt,151,6,18,192,11,25,NA,Alive
600025,22,Birch,Healthy,3.3,60,Yes,No,G,basalt,160,5,19,201,8,29,NA,Alive
600026,39.5,Alder,Healthy,4.4,60,Yes,No,G,basalt,110,NA,18,159,8,22,NA,Alive
600027,82,Birch,Vigorous,6.6,60,Yes,No,G,basalt,184,4,24,214,9,34,NA,Alive
600029,57,Birch,Healthy,3.4,60,Yes,No,G,basalt,181,3,20,236,9,30,NA,Alive
600030,60,Aspen,Healthy,3.3,60,Yes,No,G,basalt,96,NA,7,114,NA,12,NA,Alive
600031,65,Cherry,Vigorous,5.2,60,Yes,No,G,basalt,123,NA,17,136,2,24,NA,Alive
600032,62.5,Alder,Healthy,5.8,60,Yes,No,G,basalt,131,NA,24,150,6,32,NA,Alive
600033,49,Birch,Healthy,4.2,60,Yes,No,G,basalt,160,5,19,215,7,35,NA,Alive
600034,42,Oak,Healthy,9.1,60,Yes,No,G,basalt,82,NA,13,83,NA,16,NA,Alive
600035,43,Oak,Healthy,7.5,60,Yes,No,G,basalt,103,NA,11,117,NA,15,NA,Alive
600036,70,Cherry,Vigorous,5.2,60,Yes,No,G,basalt,133,3,20,143,5,25,NA,Alive
600037,74,Birch,Vigorous,5,60,Yes,No,G,basalt,191,10,26,249,18,47,NA,Alive
600038,40,Aspen,Healthy,3,60,Yes,No,G,basalt,118,NA,15,195,6,16,NA,Alive
600039,78,Cherry,Vigorous,6.1,60,Yes,No,G,basalt,136,6,20,161,7,27,NA,Alive
600040,47,Oak,Healthy,6.6,60,Yes,No,G,basalt,101,NA,9,131,3,17,NA,Alive
600041,81,Cherry,Vigorous,5.8,60,Yes,No,G,basalt,153,5,19,176,7,28,NA,Alive
600042,31,Oak,Healthy,7.2,60,Yes,No,G,basalt,114,NA,9,113,NA,16,NA,Alive
600043,69.5,Rowan,Healthy,6.4,60,Yes,No,G,basalt,87,NA,12,159,7,20,NA,Alive
600044,60,Birch,Healthy,4.1,60,Yes,No,G,basalt,197,7,20,222,12,38,NA,Alive
600045,60.5,Alder,Healthy,7.8,60,Yes,No,G,basalt,135,5,25,201,13,45,NA,Alive
600046,37,Cherry,Healthy,4,60,Yes,No,G,basalt,165,7,13,176,7,18,NA,Alive
600047,46,Oak,Healthy,6.4,60,Yes,No,G,basalt,98,NA,10,95,NA,14,NA,Alive
600048,65,Cherry,Healthy,6.1,60,Yes,No,G,basalt,100,NA,18,111,NA,19,NA,Alive
600049,73,Cherry,Vigorous,6.5,60,Yes,No,G,basalt,177,9,11,198,10,32,NA,Alive
600050,74,Cherry,Vigorous,6.1,60,Yes,No,G,basalt,146,9,19,159,6,26,NA,Alive
600052,53,Alder,Healthy,4.7,60,Yes,No,G,basalt,97,NA,14,133,5,26,NA,Alive
600053,50,Aspen,Healthy,3.6,60,Yes,No,G,basalt,155,4,9,277,7,14,NA,Alive
600054,75,Oak,Vigorous,12.1,60,Yes,No,G,basalt,145,6,25,149,7,36,NA,Alive
600056,35,Alder,Healthy,4.6,60,Yes,No,G,basalt,119,NA,22,182,9,39,NA,Alive
600057,59,Alder,Healthy,4.5,60,Yes,No,G,basalt,149,5,19,246,18,36,NA,Alive
600058,41,Cherry,Healthy,5,60,Yes,No,G,basalt,118,NA,12,142,4,15,NA,Alive
600059,67,Aspen,Vigorous,5.4,60,Yes,No,G,basalt,140,3,19,166,5,26,NA,Alive
600060,40,Aspen,Healthy,4.2,60,Yes,No,G,basalt,173,5,12,184,7,19,NA,Alive
600061,85,Birch,Healthy,5.1,60,Yes,No,G,basalt,171,6,33,230,16,45,NA,Alive
600062,62,Birch,Healthy,4.2,60,Yes,No,G,basalt,185,7,29,280,17,49,NA,Alive
600063,49,Cherry,Healthy,4.7,60,Yes,No,G,basalt,161,7,16,188,9,19,NA,Alive
600064,96,Cherry,Vigorous,9.4,60,Yes,No,G,basalt,181,9,28,213,12,37,NA,Alive
600065,80,Cherry,Healthy,6.7,60,Yes,No,G,basalt,138,7,18,169,10,23,NA,Alive
600067,61,Cherry,Healthy,5.1,60,Yes,No,G,basalt,130,NA,16,152,9,22,NA,Alive
600068,47,Birch,Healthy,3.6,60,Yes,No,G,basalt,155,4,20,230,10,32,NA,Alive
600069,78,Rowan,Healthy,6.4,60,Yes,No,G,basalt,144,6,17,189,8,23,NA,Alive
600070,66,Birch,Healthy,4.6,60,Yes,No,G,basalt,194,10,25,293,19,41,NA,Alive
600073,72,Cherry,Healthy,5.4,60,Yes,No,G,basalt,130,NA,16,148,6,19,NA,Alive
600074,49,Oak,Healthy,7.3,60,Yes,No,G,basalt,80,NA,10,90,NA,10,NA,Alive
600075,86,Cherry,Healthy,6.2,60,Yes,No,G,basalt,171,7,19,181,10,25,NA,Alive
600076,38,Oak,Healthy,8.1,60,Yes,No,G,basalt,48,NA,9,100,NA,11,NA,Alive
600077,84,Cherry,Vigorous,6.3,60,Yes,No,G,basalt,172,9,23,197,12,30,NA,Alive
600078,83.5,Alder,Vigorous,6.4,60,Yes,No,G,basalt,164,8,26,221,17,42,NA,Alive
600081,25,Alder,Healthy,4.4,60,Yes,No,G,basalt,107,NA,19,129,NA,31,NA,Alive
600083,39,Alder,Healthy,6.1,60,Yes,No,G,basalt,152,8,31,235,18,51,NA,Alive
600084,76,Cherry,Vigorous,6.7,60,Yes,No,G,basalt,140,6,25,165,7,27,NA,Alive
600085,75,Cherry,Vigorous,6.1,60,Yes,No,G,basalt,144,6,20,160,7,25,NA,Alive
600087,40,Alder,Healthy,6.4,60,Yes,No,G,basalt,119,NA,21,201,12,39,NA,Alive
600090,86,Cherry,Vigorous,6.7,60,Yes,No,G,basalt,169,7,22,196,9,27,NA,Alive
600091,86,Rowan,Vigorous,6.8,60,Yes,No,G,basalt,140,4,16,163,6,19,NA,Alive
650001,60,Cherry,Healthy,9.5,65,Yes,No,H,basalt,120,NA,19,129,NA,21,NA,Alive
650003,70.5,Cherry,Healthy,10.5,65,Yes,No,H,basalt,77,NA,12,84,NA,12,NA,Alive
650004,68,Alder,Healthy,9.9,65,Yes,No,H,basalt,155,7,32,303,28,58,NA,Alive
650005,41,Alder,Healthy,5.5,65,Yes,No,H,basalt,165,6,28,332,30,64,NA,Alive
650006,67,Cherry,Healthy,8.6,65,Yes,No,H,basalt,213,9,31,218,14,33,NA,Alive
650007,124.5,Rowan,Healthy,3.5,65,Yes,No,H,basalt,232,13,27,295,15,34,NA,Alive
650008,70,Cherry,Healthy,13.9,65,Yes,No,H,basalt,87,NA,16,110,NA,20,NA,Alive
650009,165,Rowan,Healthy,11.2,65,Yes,No,H,basalt,201,13,23,252,15,29,NA,Alive
650010,92,Birch,Healthy,7.3,65,Yes,No,H,basalt,216,9,26,337,20,55,NA,Alive
650011,63.5,Alder,Healthy,9.8,65,Yes,No,H,basalt,154,6,29,275,30,62,NA,Alive
650012,105,Rowan,Healthy,12.9,65,Yes,No,H,basalt,274,14,27,304,20,34,NA,Alive
650013,47.5,Alder,Healthy,5.3,65,Yes,No,H,basalt,160,6,21,243,18,42,NA,Alive
650014,70,Cherry,Healthy,7.6,65,Yes,No,H,basalt,153,6,23,156,9,34,NA,Alive
650015,55.5,Alder,Healthy,9.4,65,Yes,No,H,basalt,129,NA,22,262,18,44,NA,Alive
650016,80,Cherry,Healthy,10.9,65,Yes,No,H,basalt,144,NA,25,155,5,37,NA,Alive
650017,45,Alder,Healthy,5.1,65,Yes,No,H,basalt,101,NA,19,200,12,40,NA,Alive
650018,76,Cherry,Healthy,7.4,65,Yes,No,H,basalt,124,NA,16,156,8,24,NA,Alive
650019,52,Oak,Healthy,10.3,65,Yes,No,H,basalt,111,NA,11,117,NA,18,NA,Alive
650021,69,Birch,Healthy,5.6,65,Yes,No,H,basalt,189,5,25,284,13,37,NA,Alive
650024,46,Oak,Healthy,11.3,65,Yes,No,H,basalt,140,4,12,141,5,15,NA,Alive
650025,60,Cherry,Healthy,6.3,65,Yes,No,H,basalt,157,9,17,182,10,24,NA,Alive
650026,66,Birch,Healthy,5.2,65,Yes,No,H,basalt,157,4,18,231,9,27,NA,Alive
650027,106,Cherry,Healthy,13.8,65,Yes,No,H,basalt,213,9,27,236,16,44,NA,Alive
650028,92,Cherry,Healthy,12.8,65,Yes,No,H,basalt,181,7,21,187,12,35,NA,Alive
650029,77,Cherry,Healthy,8.4,65,Yes,No,H,basalt,135,3,18,149,7,30,NA,Alive
650030,73,Cherry,Healthy,9.8,65,Yes,No,H,basalt,93,NA,13,104,NA,16,NA,Alive
650031,39,Alder,Healthy,7.6,65,Yes,No,H,basalt,118,NA,18,215,15,38,NA,Alive
650033,74,Cherry,Healthy,7.2,65,Yes,No,H,basalt,86,NA,14,112,NA,21,NA,Alive
650035,88,Cherry,Healthy,7.3,65,Yes,No,H,basalt,209,11,28,218,17,41,NA,Alive
650036,77,Birch,Healthy,5.3,65,Yes,No,H,basalt,159,4,17,239,7,26,NA,Alive
650037,47,Alder,Healthy,7.4,65,Yes,No,H,basalt,110,NA,17,236,12,32,NA,Alive
650038,59.5,Alder,Healthy,5.2,65,Yes,No,H,basalt,143,4,20,237,13,34,NA,Alive
650039,103,Cherry,Healthy,9.3,65,Yes,No,H,basalt,154,5,23,176,15,35,NA,Alive
650040,94,Cherry,Healthy,11.5,65,Yes,No,H,basalt,147,8,25,174,5,35,NA,Alive
650041,98,Alder,Healthy,14.7,65,Yes,No,H,basalt,180,10,36,282,25,54,NA,Alive
650042,53,Cherry,Healthy,4.6,65,Yes,No,H,basalt,94,NA,10,118,NA,17,NA,Alive
650044,85,Cherry,Healthy,7.3,65,Yes,No,H,basalt,130,3,15,173,10,26,NA,Alive
650045,72.5,Cherry,Healthy,5.2,65,Yes,No,H,basalt,141,8,16,168,7,23,NA,Alive
650046,100.5,Cherry,Healthy,7.4,65,Yes,No,H,basalt,156,5,17,182,9,23,NA,Alive
650047,42,Oak,Healthy,5.3,65,Yes,No,H,basalt,145,4,13,162,10,20,NA,Alive
650048,128,Rowan,Healthy,12.6,65,Yes,No,H,basalt,204,4,17,241,10,23,NA,Alive
650049,60.5,Cherry,Healthy,10.7,65,Yes,No,H,basalt,108,NA,15,125,NA,21,NA,Alive
650050,70,Alder,Healthy,11.9,65,Yes,No,H,basalt,136,2,21,224,13,40,NA,Alive
650051,76,Birch,Healthy,4.1,65,Yes,No,H,basalt,179,7,16,270,13,30,NA,Alive
650052,123,Birch,Healthy,6.3,65,Yes,No,H,basalt,190,7,23,251,11,32,NA,Alive
650053,69,Birch,Healthy,4.3,65,Yes,No,H,basalt,216,8,25,230,11,35,NA,Alive
650054,38,Birch,Healthy,3.2,65,Yes,No,H,basalt,146,3,17,202,7,40,NA,Alive
650055,66,Birch,Healthy,6.1,65,Yes,No,H,basalt,148,3,18,176,5,22,NA,Alive
650057,68.5,Birch,Healthy,5.2,65,Yes,No,H,basalt,181,5,22,233,16,33,NA,Alive
650058,129.5,Rowan,Healthy,9.2,65,Yes,No,H,basalt,171,8,23,234,11,29,NA,Alive
650059,60,Oak,Healthy,7.8,65,Yes,No,H,basalt,84,NA,20,115,NA,23,NA,Alive
650060,65,Birch,Healthy,3.9,65,Yes,No,H,basalt,170,6,18,265,12,26,NA,Alive
650061,80,Birch,Healthy,8.3,65,Yes,No,H,basalt,197,7,27,294,20,49,NA,Alive
650062,66,Birch,Healthy,2.4,65,Yes,No,H,basalt,152,4,16,224,10,25,NA,Alive
650064,61,Oak,Healthy,6.3,65,Yes,No,H,basalt,111,NA,14,130,4,17,NA,Alive
650065,91,Birch,Healthy,7.3,65,Yes,No,H,basalt,169,6,14,191,10,28,NA,Alive
650066,97,Birch,Healthy,6.3,65,Yes,No,H,basalt,223,8,23,260,14,35,NA,Alive
650067,53.5,Oak,Healthy,5.6,65,Yes,No,H,basalt,152,4,17,128,NA,23,NA,Alive
650068,76,Birch,Healthy,5.6,65,Yes,No,H,basalt,187,4,25,248,11,27,NA,Alive
650070,58,Birch,Healthy,3.2,65,Yes,No,H,basalt,145,3,16,227,9,27,NA,Alive
650071,65.5,Birch,Healthy,3.4,65,Yes,No,H,basalt,172,5,18,271,13,27,NA,Alive
650072,83.5,Birch,Healthy,5.2,65,Yes,No,H,basalt,223,10,27,314,18,42,NA,Alive
650073,94.5,Cherry,Healthy,13.5,65,Yes,No,H,basalt,120,NA,19,135,5,21,NA,Alive
650074,91,Birch,Healthy,4.1,65,Yes,No,H,basalt,218,7,16,208,7,19,NA,Alive
650075,90.5,Birch,Healthy,7.2,65,Yes,No,H,basalt,171,3,26,286,12,39,NA,Alive
650077,88,Cherry,Healthy,8.6,65,Yes,No,H,basalt,161,6,22,188,9,35,NA,Alive
650078,52,Cherry,Healthy,5.1,65,Yes,No,H,basalt,56,NA,6,50,NA,6,NA,Alive
650079,82,Cherry,Healthy,6.4,65,Yes,No,H,basalt,120,NA,16,146,5,32,NA,Alive
650080,86.5,Cherry,Healthy,11.3,65,Yes,No,H,basalt,212,9,24,221,12,40,NA,Alive
650081,120.5,Rowan,Vigorous,10.2,65,Yes,No,H,basalt,239,12,24,302,16,35,NA,Alive
650082,83,Cherry,Healthy,12.1,65,Yes,No,H,basalt,159,5,23,170,7,36,NA,Alive
650083,86.5,Alder,Healthy,11.3,65,Yes,No,H,basalt,127,NA,33,246,20,60,NA,Alive
650084,67,Birch,Healthy,5.3,65,Yes,No,H,basalt,168,5,22,235,8,18,NA,Alive
650085,96,Birch,Healthy,5.2,65,Yes,No,H,basalt,209,7,27,292,12,36,NA,Alive
650086,148.5,Rowan,Healthy,10.2,65,Yes,No,H,basalt,220,12,24,285,17,33,NA,Alive
650087,47.5,Oak,Healthy,6.4,65,Yes,No,H,basalt,129,NA,16,160,5,21,NA,Alive
650088,100.5,Birch,Healthy,4.9,65,Yes,No,H,basalt,247,11,24,381,20,43,NA,Alive
650089,69.5,Birch,Healthy,10.7,65,Yes,No,H,basalt,163,5,15,276,11,35,NA,Alive
650090,55,Birch,Healthy,5.3,65,Yes,No,H,basalt,164,3,17,235,9,36,NA,Alive
650091,85,Birch,Healthy,5.2,65,Yes,No,H,basalt,221,10,27,284,13,36,NA,Alive
650092,77,Alder,Healthy,12.9,65,Yes,No,H,basalt,143,5,38,262,22,60,NA,Alive
650093,82,Alder,Healthy,11.8,65,Yes,No,H,basalt,200,10,39,305,26,53,NA,Alive
650094,59,Cherry,Healthy,6.2,65,Yes,No,H,basalt,78,NA,9,103,NA,13,NA,Alive
650095,46.5,Oak,Healthy,12.1,65,Yes,No,H,basalt,210,6,20,171,8,34,NA,Alive
650096,50.5,Birch,Healthy,3.1,65,Yes,No,H,basalt,195,8,21,270,15,44,NA,Alive
650097,81,Cherry,Healthy,7.1,65,Yes,No,H,basalt,121,NA,15,130,4,20,NA,Alive
650098,56,Alder,Healthy,7.9,65,Yes,No,H,basalt,150,4,27,249,20,46,NA,Alive
650099,70,Cherry,Healthy,6.4,65,Yes,No,H,basalt,130,3,15,135,3,21,NA,Alive
650100,70,Cherry,Healthy,6.1,65,Yes,No,H,basalt,139,5,14,143,6,25,NA,Alive
660001,62,Birch,Healthy,4.2,66,No,No,H,control,146,4,20,262,13,31,NA,Alive
660002,72,Alder,Healthy,8.4,66,No,No,H,control,127,NA,22,208,12,40,NA,Alive
660003,53.5,Alder,Healthy,6.8,66,No,No,H,control,147,5,23,262,18,50,NA,Alive
660004,102,Birch,Healthy,9.8,66,No,No,H,control,179,7,33,276,15,34,NA,Alive
660005,36,Birch,Healthy,4.2,66,No,No,H,control,130,3,11,200,6,16,NA,Alive
660006,90,Alder,Healthy,12.4,66,No,No,H,control,163,8,31,234,20,52,NA,Alive
660007,51,Alder,Healthy,5.3,66,No,No,H,control,131,2,18,168,9,42,NA,Alive
660008,101,Birch,Healthy,8.4,66,No,No,H,control,195,9,20,277,12,31,NA,Alive
660009,61,Alder,Healthy,12.9,66,No,No,H,control,131,4,23,245,17,55,NA,Alive
660011,60,Birch,Healthy,3.4,66,No,No,H,control,161,4,19,234,11,24,NA,Alive
660015,50,Oak,Healthy,11,66,No,No,H,control,58,NA,15,66,NA,16,NA,Alive
660016,44,Oak,Healthy,3.4,66,No,No,H,control,57,NA,5,79,NA,7,NA,Alive
660017,54,Oak,Healthy,10.1,66,No,No,H,control,60,NA,14,79,NA,18,NA,Alive
660019,92,Birch,Healthy,7.9,66,No,No,H,control,164,5,27,200,8,39,NA,Alive
660020,63,Cherry,Healthy,8.4,66,No,No,H,control,172,8,22,190,12,32,NA,Alive
660021,87,Birch,Healthy,6.4,66,No,No,H,control,198,9,29,275,23,47,NA,Alive
660022,51,Birch,Healthy,5.7,66,No,No,H,control,146,3,15,205,7,20,NA,Alive
660023,26,Birch,Healthy,4.2,66,No,No,H,control,169,4,16,233,8,24,NA,Alive
660024,41,Oak,Healthy,9.4,66,No,No,H,control,133,4,11,134,4,16,NA,Alive
660025,42,Birch,Healthy,3.3,66,No,No,H,control,156,3,15,237,7,23,NA,Alive
660026,50,Cherry,Healthy,3.9,66,No,No,H,control,86,NA,8,92,NA,9,NA,Alive
660027,78,Alder,Healthy,11.3,66,No,No,H,control,161,7,31,289,22,58,NA,Alive
660028,77,Oak,Healthy,11.2,66,No,No,H,control,79,NA,15,95,NA,22,NA,Alive
660030,93.5,Cherry,Healthy,14.8,66,No,No,H,control,237,10,35,266,17,46,NA,Alive
660031,93,Cherry,Healthy,9.4,66,No,No,H,control,197,9,26,211,12,32,NA,Alive
660032,62,Alder,Healthy,6.3,66,No,No,H,control,139,4,21,196,17,45,NA,Alive
660033,94,Birch,Healthy,5.3,66,No,No,H,control,207,8,28,280,15,49,NA,Alive
660034,55,Alder,Healthy,4.3,66,No,No,H,control,159,8,22,254,19,42,NA,Alive
660035,89.5,Birch,Healthy,5.2,66,No,No,H,control,198,6,23,293,13,43,NA,Alive
660036,49,Birch,Healthy,2.4,66,No,No,H,control,180,6,19,267,15,37,NA,Alive
660037,60,Alder,Healthy,5.3,66,No,No,H,control,138,4,23,226,17,44,NA,Alive
660038,87,Birch,Healthy,4.1,66,No,No,H,control,193,8,26,275,14,35,NA,Alive
660039,69,Cherry,Healthy,6.3,66,No,No,H,control,97,NA,12,106,NA,14,NA,Alive
660040,86,Alder,Healthy,11.7,66,No,No,H,control,175,10,37,292,27,56,NA,Alive
660041,73,Birch,Healthy,3.3,66,No,No,H,control,163,4,18,220,8,32,NA,Alive
660042,53.5,Birch,Healthy,3.5,66,No,No,H,control,196,8,26,304,15,37,NA,Alive
660043,64.5,Alder,Healthy,8.5,66,No,No,H,control,176,10,31,277,24,55,NA,Alive
660044,100,Cherry,Healthy,10.2,66,No,No,H,control,127,NA,30,135,5,20,NA,Alive
660045,61,Alder,Healthy,7.8,66,No,No,H,control,103,NA,15,151,5,27,NA,Alive
660046,59.5,Alder,Healthy,7.4,66,No,No,H,control,140,4,22,223,15,45,NA,Alive
660047,82,Birch,Healthy,5.2,66,No,No,H,control,182,6,22,242,10,28,NA,Alive
660048,44,Oak,Healthy,7.3,66,No,No,H,control,78,NA,16,80,NA,23,NA,Alive
660050,85,Cherry,Healthy,13.6,66,No,No,H,control,171,7,28,195,12,31,NA,Alive
660052,50,Oak,Healthy,4.2,66,No,No,H,control,77,NA,5,131,2,9,NA,Alive
660053,63.5,Birch,Healthy,5.9,66,No,No,H,control,212,8,18,327,16,35,NA,Alive
660055,69.5,Birch,Healthy,5.6,66,No,No,H,control,179,6,23,228,10,37,NA,Alive
660056,84.5,Birch,Healthy,6.1,66,No,No,H,control,207,7,24,299,16,42,NA,Alive
660057,145.5,Rowan,Healthy,10.5,66,No,No,H,control,230,11,19,283,13,26,NA,Alive
660059,106,Birch,Healthy,9.7,66,No,No,H,control,207,10,27,278,15,33,NA,Alive
660060,74,Birch,Healthy,6.8,66,No,No,H,control,184,5,20,212,8,29,NA,Alive
660061,84,Cherry,Healthy,11.9,66,No,No,H,control,186,9,28,223,13,46,NA,Alive
660063,96,Birch,Healthy,4.2,66,No,No,H,control,198,9,22,210,11,24,NA,Alive
660064,22.5,Birch,Healthy,1.6,66,No,No,H,control,111,NA,15,195,8,27,NA,Alive
660065,71.5,Birch,Healthy,6.8,66,No,No,H,control,175,8,19,250,10,33,NA,Alive
660066,45,Birch,Healthy,4,66,No,No,H,control,185,5,14,226,8,26,NA,Alive
660068,75,Oak,Healthy,11.4,66,No,No,H,control,119,NA,18,133,4,22,NA,Alive
660070,54.5,Cherry,Healthy,9.8,66,No,No,H,control,139,4,15,143,5,18,NA,Alive
660072,84,Birch,Healthy,6.2,66,No,No,H,control,200,8,23,272,15,36,NA,Alive
660073,93,Birch,Healthy,6.2,66,No,No,H,control,118,NA,13,158,4,21,NA,Alive
660074,46,Oak,Healthy,6.6,66,No,No,H,control,109,NA,13,124,NA,19,NA,Alive
660075,36.5,Oak,Healthy,4.6,66,No,No,H,control,103,NA,10,109,NA,14,NA,Alive
660076,60,Oak,Healthy,4.6,66,No,No,H,control,114,NA,11,124,NA,14,NA,Alive
660077,33,Birch,Healthy,2.7,66,No,No,H,control,131,2,15,180,6,18,NA,Alive
660078,89,Cherry,Healthy,4.8,66,No,No,H,control,192,9,27,218,11,16,NA,Alive
660079,54,Cherry,Healthy,6.5,66,No,No,H,control,114,NA,17,127,NA,22,NA,Alive
660081,89,Oak,Healthy,16.3,66,No,No,H,control,80,NA,23,112,NA,23,NA,Alive
660082,47,Birch,Healthy,4.6,66,No,No,H,control,173,4,18,213,7,29,NA,Alive
660085,111,Birch,Healthy,8.7,66,No,No,H,control,191,8,30,243,19,45,NA,Alive
660086,72,Oak,Healthy,12.1,66,No,No,H,control,78,NA,18,77,NA,38,NA,Alive
660087,74,Cherry,Healthy,13.5,66,No,No,H,control,112,NA,17,130,4,20,NA,Alive
660088,80,Cherry,Healthy,14.8,66,No,No,H,control,206,7,27,230,12,36,NA,Alive
660089,88,Cherry,Healthy,7.3,66,No,No,H,control,186,7,20,208,10,22,NA,Alive
660091,61,Oak,Healthy,13.3,66,No,No,H,control,78,NA,19,123,NA,22,NA,Alive
660093,37,Oak,Healthy,6.2,66,No,No,H,control,113,NA,10,111,NA,12,NA,Alive
660094,86.5,Birch,Healthy,6.6,66,No,No,H,control,177,4,18,236,11,29,NA,Alive
660095,43,Oak,Healthy,9.5,66,No,No,H,control,46,NA,5,91,NA,7,NA,Alive
660096,8.5,Rowan,Healthy,2.1,66,No,No,H,control,68,NA,9,98,NA,10,NA,Alive
660097,76,Birch,Healthy,6.4,66,No,No,H,control,175,5,23,282,14,29,NA,Alive
660098,70,Cherry,Healthy,8.5,66,No,No,H,control,149,3,23,167,8,25,NA,Alive
660099,74,Cherry,Healthy,14.9,66,No,No,H,control,179,8,29,202,11,36,NA,Alive
660100,75.5,Cherry,Healthy,8.2,66,No,No,H,control,137,4,21,166,8,28,NA,Alive
690001,95,Birch,Healthy,8,69,Yes,Yes,H,basalt+microbiome,188,7,29,254,18,45,NA,Alive
690002,91.5,Birch,Healthy,7,69,Yes,Yes,H,basalt+microbiome,192,9,24,292,19,36,NA,Alive
690003,104,Birch,Healthy,8.5,69,Yes,Yes,H,basalt+microbiome,210,9,22,296,18,32,NA,Alive
690004,81,Birch,Healthy,6.1,69,Yes,Yes,H,basalt+microbiome,156,5,15,189,7,21,NA,Alive
690005,88,Birch,Healthy,6.9,69,Yes,Yes,H,basalt+microbiome,146,2,19,218,9,30,NA,Alive
690006,101,Birch,Healthy,9.4,69,Yes,Yes,H,basalt+microbiome,176,7,27,253,17,39,NA,Alive
690007,100,Birch,Healthy,9.2,69,Yes,Yes,H,basalt+microbiome,174,6,27,226,10,35,NA,Alive
690008,74.5,Birch,Healthy,5.2,69,Yes,Yes,H,basalt+microbiome,144,3,18,210,8,26,NA,Alive
690009,100.5,Birch,Healthy,8.9,69,Yes,Yes,H,basalt+microbiome,176,7,24,264,15,30,NA,Alive
690010,97.5,Birch,Healthy,8,69,Yes,Yes,H,basalt+microbiome,179,8,19,255,13,25,NA,Alive
690011,44.5,Oak,Healthy,6.1,69,Yes,Yes,H,basalt+microbiome,124,NA,11,135,3,17,NA,Alive
690012,56,Oak,Healthy,9.1,69,Yes,Yes,H,basalt+microbiome,125,NA,17,133,3,26,NA,Alive
690013,155,Rowan,Healthy,10.9,69,Yes,Yes,H,basalt+microbiome,219,12,20,268,18,26,NA,Alive
690014,155,Oak,Healthy,6.2,69,Yes,Yes,H,basalt+microbiome,84,NA,8,110,NA,16,NA,Alive
690016,53,Birch,Healthy,9.6,69,Yes,Yes,H,basalt+microbiome,70,NA,6,106,NA,14,NA,Alive
690017,38,Birch,Healthy,10.1,69,Yes,Yes,H,basalt+microbiome,108,NA,9,136,3,15,NA,Alive
690018,86,Alder,Healthy,11,69,Yes,Yes,H,basalt+microbiome,153,7,23,245,18,51,NA,Alive
690019,68,Cherry,Healthy,6.8,69,Yes,Yes,H,basalt+microbiome,85,NA,13,127,NA,21,NA,Alive
690020,52,Alder,Healthy,6.5,69,Yes,Yes,H,basalt+microbiome,101,NA,13,166,5,29,NA,Alive
690021,74,Cherry,Healthy,7.3,69,Yes,Yes,H,basalt+microbiome,80,NA,9,90,NA,10,NA,Alive
690022,90.5,Cherry,Healthy,7.9,69,Yes,Yes,H,basalt+microbiome,141,4,20,170,8,24,NA,Alive
690023,154,Rowan,Healthy,13.8,69,Yes,Yes,H,basalt+microbiome,200,11,21,221,14,24,NA,Alive
690024,95,Cherry,Healthy,9.7,69,Yes,Yes,H,basalt+microbiome,131,4,18,158,5,26,NA,Alive
690025,91,Birch,Healthy,6.6,69,Yes,Yes,H,basalt+microbiome,198,8,22,278,19,33,NA,Alive
690026,79,Oak,Healthy,11,69,Yes,Yes,H,basalt+microbiome,140,4,16,136,4,20,NA,Alive
690027,36.5,Oak,Healthy,8.3,69,Yes,Yes,H,basalt+microbiome,110,NA,15,115,NA,14,NA,Alive
690029,81.5,Cherry,Healthy,11.3,69,Yes,Yes,H,basalt+microbiome,104,NA,15,121,NA,21,NA,Alive
690030,64,Cherry,Healthy,6,69,Yes,Yes,H,basalt+microbiome,88,NA,11,114,NA,14,NA,Alive
690031,95,Birch,Healthy,8.3,69,Yes,Yes,H,basalt+microbiome,210,8,21,295,15,35,NA,Alive
690032,72,Birch,Healthy,8.6,69,Yes,Yes,H,basalt+microbiome,164,5,23,260,15,42,NA,Alive
690033,77,Birch,Healthy,7.3,69,Yes,Yes,H,basalt+microbiome,125,NA,18,179,7,31,NA,Alive
690034,72,Cherry,Healthy,8.7,69,Yes,Yes,H,basalt+microbiome,86,NA,11,93,NA,14,NA,Alive
690035,94,Birch,Healthy,7,69,Yes,Yes,H,basalt+microbiome,168,4,19,271,12,34,NA,Alive
690036,76,Birch,Healthy,5.2,69,Yes,Yes,H,basalt+microbiome,130,2,12,197,7,22,NA,Alive
690037,87.5,Birch,Healthy,7.2,69,Yes,Yes,H,basalt+microbiome,176,5,16,269,11,31,NA,Alive
690038,90,Birch,Healthy,12.6,69,Yes,Yes,H,basalt+microbiome,163,4,22,273,14,38,NA,Alive
690040,100,Birch,Healthy,7.8,69,Yes,Yes,H,basalt+microbiome,170,5,25,273,14,41,NA,Alive
690041,107,Alder,Vigorous,13.1,69,Yes,Yes,H,basalt+microbiome,140,5,31,240,20,52,NA,Alive
690042,95.5,Birch,Healthy,11.7,69,Yes,Yes,H,basalt+microbiome,126,NA,15,154,4,22,NA,Alive
690043,100,Birch,Healthy,9,69,Yes,Yes,H,basalt+microbiome,163,7,28,234,14,36,NA,Alive
690044,93,Alder,Healthy,11.9,69,Yes,Yes,H,basalt+microbiome,155,6,30,238,19,46,NA,Alive
690045,69,Birch,Healthy,5.3,69,Yes,Yes,H,basalt+microbiome,117,NA,14,198,5,21,NA,Alive
690046,55,Birch,Healthy,4.8,69,Yes,Yes,H,basalt+microbiome,166,6,16,230,9,24,NA,Alive
690047,97,Birch,Healthy,7.5,69,Yes,Yes,H,basalt+microbiome,149,3,18,229,8,22,NA,Alive
690048,91,Birch,Healthy,8.8,69,Yes,Yes,H,basalt+microbiome,174,7,25,273,18,45,NA,Alive
690049,92,Aspen,Healthy,6.5,69,Yes,Yes,H,basalt+microbiome,177,5,17,203,8,22,NA,Alive
690050,99,Aspen,Healthy,7.1,69,Yes,Yes,H,basalt+microbiome,140,2,13,168,5,18,NA,Alive
690052,49.5,Alder,Healthy,6.5,69,Yes,Yes,H,basalt+microbiome,88,NA,16,134,4,19,NA,Alive
690054,54,Oak,Healthy,6.8,69,Yes,Yes,H,basalt+microbiome,86,NA,10,93,NA,14,NA,Alive
690055,64,Alder,Healthy,7.8,69,Yes,Yes,H,basalt+microbiome,126,NA,23,205,11,37,NA,Alive
690056,52.5,Oak,Healthy,11.3,69,Yes,Yes,H,basalt+microbiome,81,NA,16,101,NA,22,NA,Alive
690057,60,Oak,Healthy,6.5,69,Yes,Yes,H,basalt+microbiome,71,NA,11,95,NA,14,NA,Alive
690058,76,Alder,Healthy,7.8,69,Yes,Yes,H,basalt+microbiome,155,5,24,232,15,48,NA,Alive
690060,120,Rowan,Healthy,11.8,69,Yes,Yes,H,basalt+microbiome,179,8,25,225,10,28,NA,Alive
690061,79,Cherry,Healthy,8.9,69,Yes,Yes,H,basalt+microbiome,145,4,18,158,7,21,NA,Alive
690062,74,Cherry,Healthy,8.6,69,Yes,Yes,H,basalt+microbiome,96,NA,13,140,5,15,NA,Alive
690063,38,Cherry,Healthy,4.7,69,Yes,Yes,H,basalt+microbiome,84,NA,9,83,NA,9,NA,Alive
690065,47,Oak,Healthy,8.8,69,Yes,Yes,H,basalt+microbiome,74,NA,13,144,4,15,NA,Alive
690066,67,Cherry,Healthy,8,69,Yes,Yes,H,basalt+microbiome,124,NA,19,138,5,15,NA,Alive
690067,107,Rowan,Healthy,12.7,69,Yes,Yes,H,basalt+microbiome,115,NA,18,171,7,22,NA,Alive
690068,77,Cherry,Healthy,9.3,69,Yes,Yes,H,basalt+microbiome,102,NA,1,104,NA,14,NA,Alive
690069,79,Cherry,Healthy,10.4,69,Yes,Yes,H,basalt+microbiome,101,NA,16,121,NA,19,NA,Alive
690070,90,Oak,Healthy,9.4,69,Yes,Yes,H,basalt+microbiome,125,NA,16,117,NA,14,NA,Alive
690072,80.5,Aspen,Healthy,6.4,69,Yes,Yes,H,basalt+microbiome,143,3,12,163,4,21,NA,Alive
690073,80.5,Aspen,Healthy,7.9,69,Yes,Yes,H,basalt+microbiome,162,NA,16,177,7,21,NA,Alive
690074,69,Aspen,Healthy,5.9,69,Yes,Yes,H,basalt+microbiome,141,2,9,173,4,13,NA,Alive
690075,86,Birch,Healthy,5.6,69,Yes,Yes,H,basalt+microbiome,170,7,18,276,17,38,NA,Alive
690076,69,Birch,Healthy,6.9,69,Yes,Yes,H,basalt+microbiome,120,NA,14,167,5,26,NA,Alive
690077,96,Birch,Vigorous,8.1,69,Yes,Yes,H,basalt+microbiome,152,3,17,192,8,27,NA,Alive
690078,101,Birch,Healthy,7.1,69,Yes,Yes,H,basalt+microbiome,195,7,20,330,19,38,NA,Alive
690079,106,Birch,Healthy,8,69,Yes,Yes,H,basalt+microbiome,172,4,17,249,14,26,NA,Alive
690080,96,Birch,Healthy,7.7,69,Yes,Yes,H,basalt+microbiome,170,6,18,256,12,23,NA,Alive
690081,99,Birch,Healthy,7.1,69,Yes,Yes,H,basalt+microbiome,211,8,23,355,20,48,NA,Alive
690082,48,Alder,Healthy,7.2,69,Yes,Yes,H,basalt+microbiome,40,NA,16,104,NA,21,NA,Alive
690083,105,Alder,Vigorous,11.9,69,Yes,Yes,H,basalt+microbiome,169,8,23,246,21,45,NA,Alive
690084,80.5,Alder,Healthy,10,69,Yes,Yes,H,basalt+microbiome,135,NA,20,172,10,33,NA,Alive
690085,75,Alder,Healthy,8.5,69,Yes,Yes,H,basalt+microbiome,122,NA,23,184,9,45,NA,Alive
690086,77,Alder,Healthy,8.7,69,Yes,Yes,H,basalt+microbiome,133,4,22,201,11,43,NA,Alive
690088,31.5,Alder,Healthy,4.4,69,Yes,Yes,H,basalt+microbiome,93,NA,12,143,4,22,NA,Alive
690089,132,Alder,Healthy,8.8,69,Yes,Yes,H,basalt+microbiome,123,NA,20,172,8,32,NA,Alive
690090,97.5,Rowan,Healthy,9.9,69,Yes,Yes,H,basalt+microbiome,110,NA,14,162,5,17,NA,Alive
690091,89,Birch,Healthy,6.8,69,Yes,Yes,H,basalt+microbiome,170,5,19,243,14,28,NA,Alive
690092,111,Birch,Healthy,9.1,69,Yes,Yes,H,basalt+microbiome,176,5,22,311,18,38,NA,Alive
690093,18,Birch,Healthy,3.3,69,Yes,Yes,H,basalt+microbiome,75,NA,6,111,NA,8,NA,Alive
690094,72.5,Alder,Healthy,7.9,69,Yes,Yes,H,basalt+microbiome,132,3,20,191,9,43,NA,Alive
690095,69,Alder,Healthy,7.6,69,Yes,Yes,H,basalt+microbiome,129,NA,21,214,13,44,NA,Alive
690096,46,Alder,Healthy,5.9,69,Yes,Yes,H,basalt+microbiome,98,4,15,157,8,28,NA,Alive
690098,58,Oak,Healthy,10.9,69,Yes,Yes,H,basalt+microbiome,86,NA,13,97,NA,22,NA,Alive
690099,134,Rowan,Healthy,14,69,Yes,Yes,H,basalt+microbiome,193,9,68,259,12,30,NA,Alive
690100,91.5,Birch,Healthy,7,69,Yes,Yes,H,basalt+microbiome,181,8,21,287,14,39,NA,Alive
710001,147,Rowan,Vigorous,13.6,71,No,Yes,H,microbiome,218,14,27,266,19,36,NA,Alive
710002,124,Rowan,Healthy,10.2,71,No,Yes,H,microbiome,208,11,28,283,19,41,NA,Alive
710003,141,Rowan,Vigorous,12.2,71,No,Yes,H,microbiome,179,9,21,214,13,31,NA,Alive
710004,114.5,Rowan,Healthy,9.4,71,No,Yes,H,microbiome,172,7,18,216,12,28,NA,Alive
710005,159.5,Rowan,Vigorous,12.6,71,No,Yes,H,microbiome,187,8,22,218,14,35,NA,Alive
710006,49.5,Alder,Healthy,6.1,71,No,Yes,H,microbiome,127,NA,16,228,15,35,NA,Alive
710007,67,Oak,Healthy,10.1,71,No,Yes,H,microbiome,83,NA,15,92,NA,19,NA,Alive
710008,83.5,Oak,Healthy,12.5,71,No,Yes,H,microbiome,124,NA,16,127,NA,25,NA,Alive
710009,79,Oak,Healthy,10,71,No,Yes,H,microbiome,79,NA,14,92,NA,19,NA,Alive
710010,53.5,Birch,Healthy,9.2,71,No,Yes,H,microbiome,76,NA,8,145,3,12,NA,Alive
710012,79,Oak,Healthy,14.1,71,No,Yes,H,microbiome,80,NA,23,122,NA,27,NA,Alive
710013,51,Oak,Healthy,6.5,71,No,Yes,H,microbiome,98,NA,14,116,NA,16,NA,Alive
710016,80,Cherry,Healthy,7.8,71,No,Yes,H,microbiome,111,NA,21,133,5,80,NA,Alive
710017,67.5,Oak,Healthy,7,71,No,Yes,H,microbiome,103,NA,13,113,NA,16,NA,Alive
710018,47.5,Oak,Healthy,6.3,71,No,Yes,H,microbiome,112,NA,10,118,NA,11,NA,Alive
710019,69,Oak,Healthy,10.5,71,No,Yes,H,microbiome,83,NA,15,91,NA,16,NA,Alive
710020,64,Alder,Healthy,7.3,71,No,Yes,H,microbiome,130,3,21,214,11,41,NA,Alive
710021,71,Alder,Healthy,8.8,71,No,Yes,H,microbiome,142,5,22,232,14,44,NA,Alive
710022,43,Oak,Healthy,11,71,No,Yes,H,microbiome,124,NA,11,110,NA,14,NA,Alive
710023,56,Oak,Healthy,6.3,71,No,Yes,H,microbiome,85,NA,8,90,NA,11,NA,Alive
710024,41,Oak,Healthy,6.5,71,No,Yes,H,microbiome,80,NA,9,87,NA,10,NA,Alive
710025,94,Alder,Vigorous,10.7,71,No,Yes,H,microbiome,144,4,27,230,18,61,NA,Alive
710026,80,Alder,Healthy,9.2,71,No,Yes,H,microbiome,161,5,27,240,18,50,NA,Alive
710027,92,Alder,Healthy,10.6,71,No,Yes,H,microbiome,161,8,25,241,21,57,NA,Alive
710028,79.5,Alder,Healthy,9.7,71,No,Yes,H,microbiome,136,4,22,217,14,48,NA,Alive
710029,72.5,Alder,Healthy,9.5,71,No,Yes,H,microbiome,134,5,23,215,15,46,NA,Alive
710030,89,Birch,Healthy,7.3,71,No,Yes,H,microbiome,156,5,22,220,11,31,NA,Alive
710031,100,Oak,Vigorous,8.2,71,No,Yes,H,microbiome,100,NA,11,114,NA,16,NA,Alive
710032,80,Cherry,Healthy,9.2,71,No,Yes,H,microbiome,180,7,21,206,10,28,NA,Alive
710033,70,Cherry,Healthy,7.4,71,No,Yes,H,microbiome,116,NA,19,146,5,30,NA,Alive
710034,22,Birch,Healthy,6.2,71,No,Yes,H,microbiome,93,NA,6,138,2,13,NA,Alive
710035,77,Cherry,Healthy,8.6,71,No,Yes,H,microbiome,143,5,18,163,8,24,NA,Alive
710036,72.5,Cherry,Healthy,6.1,71,No,Yes,H,microbiome,136,5,20,188,8,31,NA,Alive
710037,84.5,Cherry,Vigorous,9,71,No,Yes,H,microbiome,120,NA,14,129,NA,16,NA,Alive
710038,94,Cherry,Vigorous,11.9,71,No,Yes,H,microbiome,173,7,27,213,13,35,NA,Alive
710039,67.5,Oak,Healthy,11.5,71,No,Yes,H,microbiome,101,NA,1,100,NA,25,NA,Alive
710040,150.5,Rowan,Vigorous,11.8,71,No,Yes,H,microbiome,174,9,22,222,15,31,NA,Alive
710041,53,Oak,Healthy,7.7,71,No,Yes,H,microbiome,99,NA,12,109,NA,21,NA,Alive
710042,77,Cherry,Healthy,8.2,71,No,Yes,H,microbiome,151,6,20,174,11,32,NA,Alive
710043,86,Cherry,Healthy,9.1,71,No,Yes,H,microbiome,127,NA,18,135,4,28,NA,Alive
710044,98,Cherry,Healthy,10.4,71,No,Yes,H,microbiome,145,6,22,164,8,29,NA,Alive
710045,78,Cherry,Healthy,8.3,71,No,Yes,H,microbiome,120,NA,21,137,5,23,NA,Alive
710046,80.5,Cherry,Healthy,9.4,71,No,Yes,H,microbiome,131,5,21,143,7,29,NA,Alive
710048,77,Cherry,Healthy,8.1,71,No,Yes,H,microbiome,127,NA,18,150,5,25,NA,Alive
710049,93,Cherry,Vigorous,10.5,71,No,Yes,H,microbiome,157,6,24,193,9,47,NA,Alive
710050,99.5,Cherry,Vigorous,10.9,71,No,Yes,H,microbiome,125,NA,18,173,6,27,NA,Alive
710051,89.5,Cherry,Healthy,10.4,71,No,Yes,H,microbiome,155,5,18,175,7,26,NA,Alive
710052,85,Cherry,Healthy,9.8,71,No,Yes,H,microbiome,112,NA,18,135,3,22,NA,Alive
710053,88.5,Cherry,Healthy,10.2,71,No,Yes,H,microbiome,118,NA,20,156,5,27,NA,Alive
710054,87,Rowan,Healthy,10.8,71,No,Yes,H,microbiome,131,4,20,168,9,28,NA,Alive
710055,65.5,Oak,Healthy,7.6,71,No,Yes,H,microbiome,103,NA,10,100,NA,21,NA,Alive
710057,56.5,Birch,Healthy,15.4,71,No,Yes,H,microbiome,137,NA,12,208,10,25,NA,Alive
710058,89,Birch,Healthy,6.9,71,No,Yes,H,microbiome,164,6,20,266,15,36,NA,Alive
710059,120.5,Birch,Healthy,8.2,71,No,Yes,H,microbiome,197,7,28,270,17,46,NA,Alive
710060,74.5,Aspen,Healthy,5.1,71,No,Yes,H,microbiome,145,3,12,224,10,19,NA,Alive
710061,112,Birch,Vigorous,6.4,71,No,Yes,H,microbiome,199,5,22,260,12,35,NA,Alive
710062,101,Birch,Healthy,7,71,No,Yes,H,microbiome,211,10,24,277,14,33,NA,Alive
710063,98,Rowan,Healthy,12,71,No,Yes,H,microbiome,138,5,20,191,9,26,NA,Alive
710064,62,Oak,Healthy,6.6,71,No,Yes,H,microbiome,110,NA,12,106,NA,15,NA,Alive
710065,82,Oak,Healthy,13.9,71,No,Yes,H,microbiome,140,4,19,150,8,27,NA,Alive
710066,52,Oak,Healthy,12.7,71,No,Yes,H,microbiome,124,NA,17,125,NA,28,NA,Alive
710067,93,Cherry,Vigorous,12.9,71,No,Yes,H,microbiome,130,4,18,167,11,31,NA,Alive
710068,71,Cherry,Healthy,8.5,71,No,Yes,H,microbiome,117,NA,18,135,3,20,NA,Alive
710069,86,Cherry,Healthy,9.5,71,No,Yes,H,microbiome,111,NA,50,156,6,17,NA,Alive
710070,86,Cherry,Healthy,9.9,71,No,Yes,H,microbiome,137,4,18,172,8,23,NA,Alive
710071,75.5,Aspen,Healthy,4.9,71,No,Yes,H,microbiome,88,NA,8,123,NA,11,NA,Alive
710073,88,Birch,Healthy,6.2,71,No,Yes,H,microbiome,153,3,17,244,12,36,NA,Alive
710074,107,Birch,Vigorous,8.8,71,No,Yes,H,microbiome,183,7,23,294,21,45,NA,Alive
710075,99.5,Birch,Healthy,9.7,71,No,Yes,H,microbiome,183,8,23,294,18,48,NA,Alive
710077,106.5,Birch,Healthy,8.4,71,No,Yes,H,microbiome,181,7,21,272,17,40,NA,Alive
710078,58,Rowan,Healthy,7.9,71,No,Yes,H,microbiome,172,6,16,217,11,26,NA,Alive
710079,100,Birch,Healthy,9,71,No,Yes,H,microbiome,176,7,24,284,16,37,NA,Alive
710080,63,Birch,Healthy,4.5,71,No,Yes,H,microbiome,140,2,10,188,6,20,NA,Alive
710081,70,Cherry,Healthy,8.1,71,No,Yes,H,microbiome,74,NA,8,87,NA,14,NA,Alive
710082,83,Birch,Healthy,6.7,71,No,Yes,H,microbiome,171,6,16,190,8,25,NA,Alive
710083,146,Rowan,Vigorous,12.3,71,No,Yes,H,microbiome,179,8,19,192,9,27,NA,Alive
710084,110,Birch,Healthy,8.8,71,No,Yes,H,microbiome,184,7,22,215,11,35,NA,Alive
710085,91,Birch,Healthy,8.1,71,No,Yes,H,microbiome,186,7,20,251,12,33,NA,Alive
710086,94,Birch,Healthy,8,71,No,Yes,H,microbiome,179,8,23,293,22,46,NA,Alive
710087,91,Birch,Healthy,7.7,71,No,Yes,H,microbiome,141,3,19,200,8,34,NA,Alive
710088,98,Birch,Healthy,9,71,No,Yes,H,microbiome,150,4,20,276,11,36,NA,Alive
710089,45,Oak,Healthy,6.2,71,No,Yes,H,microbiome,102,NA,10,95,NA,14,NA,Alive
710090,74.5,Oak,Healthy,7.8,71,No,Yes,H,microbiome,123,NA,10,127,NA,19,NA,Alive
710091,67.5,Oak,Healthy,12.1,71,No,Yes,H,microbiome,130,3,15,128,NA,20,NA,Alive
710092,64.5,Oak,Healthy,9.4,71,No,Yes,H,microbiome,62,NA,9,141,4,12,NA,Alive
710093,130,Birch,Vigorous,11.7,71,No,Yes,H,microbiome,172,5,19,262,16,37,NA,Alive
710094,105,Birch,Healthy,11.6,71,No,Yes,H,microbiome,169,5,20,291,16,37,NA,Alive
710095,87,Birch,Healthy,7.2,71,No,Yes,H,microbiome,151,4,18,243,15,36,NA,Alive
710096,54,Oak,Healthy,8.8,71,No,Yes,H,microbiome,116,NA,12,117,NA,18,NA,Alive
710097,102,Oak,Vigorous,8.7,71,No,Yes,H,microbiome,113,NA,14,113,NA,18,NA,Alive
710098,26.5,Oak,Healthy,7.9,71,No,Yes,H,microbiome,89,NA,10,79,NA,14,NA,Alive
710099,60.5,Oak,Healthy,11.2,71,No,Yes,H,microbiome,91,NA,17,97,NA,26,NA,Alive
710100,65,Oak,Healthy,5.9,71,No,Yes,H,microbiome,98,NA,12,113,NA,14,NA,Alive
